0 0.79974 0.944444 0.0109375 0.0259259
0 0.0239583 0.099537 0.0104167 0.025
0 0.116146 0.898611 0.0104167 0.025
0 0.0283854 0.920833 0.0109375 0.025
0 0.657292 0.921759 0.0104167 0.025
0 0.972135 0.306481 0.0109375 0.0259259
0 0.938542 0.274074 0.0104167 0.0259259
0 0.0161458 0.743981 0.0104167 0.025
0 0.490365 0.208796 0.0109375 0.025
0 0.188542 0.878241 0.0104167 0.025
0 0.958333 0.443056 0.0104167 0.025
0 0.630208 0.173611 0.0104167 0.025
0 0.366406 0.302315 0.0109375 0.025
0 0.973437 0.870833 0.0104167 0.025
0 0.742188 0.178241 0.0104167 0.025
0 0.413281 0.230556 0.0109375 0.0259259
0 0.951563 0.881019 0.0104167 0.025
0 0.519531 0.201852 0.0109375 0.0259259
0 0.06875 0.909722 0.0104167 0.025
0 0.0221354 0.820833 0.0109375 0.025
0 0.808594 0.238889 0.0109375 0.0259259
0 0.176823 0.29537 0.00989583 0.0240741
0 0.573438 0.775463 0.0104167 0.025
0 0.767969 0.963889 0.0109375 0.0259259
0 0.034375 0.187963 0.0104167 0.0240741
0 0.903906 0.147222 0.0109375 0.0259259
0 0.742969 0.731019 0.0109375 0.025
0 0.248698 0.862963 0.0109375 0.0259259
0 0.660156 0.753704 0.0109375 0.0259259
0 0.48776 0.799074 0.0109375 0.0259259
0 0.47526 0.0708333 0.0109375 0.0268519
0 0.827865 0.973611 0.0109375 0.025
0 0.879427 0.929167 0.0109375 0.025
0 0.397135 0.0907407 0.0109375 0.0259259
0 0.345052 0.781018 0.0109375 0.025
0 0.641146 0.984722 0.0104167 0.025
0 0.968229 0.541204 0.0104167 0.025
0 0.682031 0.969444 0.0109375 0.0259259
0 0.87526 0.693981 0.0109375 0.0268519
0 0.816406 0.0143519 0.0109375 0.025
