0 0.246094 0.226852 0.0109375 0.0259259
0 0.85651 0.374074 0.0109375 0.0259259
0 0.951563 0.630093 0.0104167 0.025
0 0.332552 0.576852 0.0109375 0.0259259
0 0.886719 0.318519 0.0109375 0.0259259
0 0.25651 0.856944 0.0109375 0.025
0 0.911719 0.708333 0.0109375 0.0259259
0 0.36276 0.418981 0.0109375 0.025
0 0.289323 0.372685 0.0109375 0.025
0 0.105469 0.184259 0.0109375 0.0259259
0 0.661719 0.140741 0.0109375 0.0259259
0 0.68724 0.625 0.0109375 0.0259259
0 0.845052 0.0444444 0.0109375 0.0259259
0 0.90026 0.6375 0.0109375 0.025
0 0.81224 0.10463 0.0109375 0.0259259
0 0.333594 0.500926 0.0109375 0.0259259
