0 0.861979 0.610648 0.0104167 0.025
0 0.839583 0.430093 0.0104167 0.025
0 0.773958 0.499537 0.0104167 0.025
0 0.415885 0.408333 0.00989583 0.0240741
0 0.501042 0.353241 0.0104167 0.025
0 0.983594 0.0444444 0.0109375 0.0259259
0 0.58099 0.447222 0.0109375 0.0259259
0 0.791927 0.0342593 0.0109375 0.0259259
0 0.855208 0.556019 0.0104167 0.025
0 0.83151 0.968518 0.0109375 0.0259259
0 0.952083 0.309259 0.0104167 0.0259259
0 0.0247396 0.550926 0.0109375 0.0259259
0 0.290104 0.488889 0.0104167 0.0240741
0 0.811719 0.654167 0.0109375 0.025
0 0.31849 0.866667 0.0109375 0.0259259
0 0.13151 0.541667 0.0109375 0.0259259
0 0.494531 0.827315 0.0109375 0.025
0 0.258073 0.852778 0.0109375 0.0259259
0 0.890365 0.825 0.00989583 0.0240741
0 0.241146 0.229167 0.0104167 0.025
0 0.313281 0.474074 0.0109375 0.0259259
0 0.534896 0.533796 0.0114583 0.0268519
0 0.308594 0.773148 0.0109375 0.0259259
0 0.00546875 0.406481 0.00989583 0.0240741
0 0.70599 0.659722 0.0109375 0.025
0 0.0367187 0.378704 0.0109375 0.0259259
0 0.00598958 0.0740741 0.00989583 0.0240741
0 0.214844 0.931481 0.0109375 0.0259259
0 0.472135 0.6375 0.0109375 0.025
0 0.88125 0.759722 0.0104167 0.025
0 0.461458 0.378241 0.0104167 0.025
0 0.338281 0.67037 0.0109375 0.0259259
0 0.27526 0.62037 0.0109375 0.0259259
0 0.203906 0.581481 0.0109375 0.0259259
0 0.693229 0.14213 0.0104167 0.025
0 0.289583 0.913426 0.0104167 0.025
0 0.248177 0.957407 0.0109375 0.0259259
0 0.246615 0.484259 0.0109375 0.0259259
0 0.326302 0.112037 0.0109375 0.0259259
0 0.610156 0.283796 0.0109375 0.025
0 0.0466146 0.909722 0.0109375 0.025
0 0.62526 0.538889 0.0109375 0.0259259
0 0.00859375 0.700926 0.0109375 0.0259259
0 0.652865 0.0162037 0.0109375 0.0268519
0 0.154687 0.0134259 0.0104167 0.025
0 0.189323 0.0430556 0.0109375 0.025
0 0.235677 0.0212963 0.0109375 0.0259259
0 0.170833 0.323148 0.0104167 0.0259259
0 0.903906 0.927778 0.0109375 0.0259259
0 0.623958 0.181481 0.0104167 0.0240741
