0 0.492188 0.0236111 0.0104167 0.025
0 0.236979 0.0773148 0.0104167 0.025
0 0.363281 0.263426 0.0109375 0.025
0 0.36901 0.6 0.0109375 0.0259259
0 0.882812 0.874537 0.0104167 0.025
0 0.476042 0.642593 0.0104167 0.0240741
0 0.742969 0.361574 0.0109375 0.025
0 0.0109375 0.603704 0.0104167 0.0240741
0 0.527083 0.900463 0.0104167 0.025
0 0.509115 0.771759 0.0109375 0.025
0 0.434635 0.232407 0.0109375 0.0259259
0 0.445833 0.306944 0.0104167 0.025
0 0.420833 0.85787 0.0104167 0.025
0 0.104167 0.171759 0.0104167 0.025
0 0.56901 0.971759 0.0109375 0.025
0 0.404427 0.726852 0.0109375 0.0259259
0 0.811719 0.258796 0.0109375 0.025
0 0.448177 0.960185 0.0109375 0.0259259
