0 0.80651 0.797685 0.0109375 0.0268519
0 0.996094 0.559722 0.0078125 0.025
0 0.753125 0.45463 0.0104167 0.0240741
0 0.43151 0.105093 0.0109375 0.0268519
0 0.382552 0.809722 0.0109375 0.025
0 0.907552 0.388889 0.0109375 0.0259259
0 0.0734375 0.49213 0.0104167 0.025
0 0.35651 0.121296 0.0109375 0.0259259
0 0.638021 0.874537 0.0104167 0.025
0 0.434896 0.376389 0.0104167 0.025
0 0.238802 0.926389 0.0109375 0.025
0 0.939844 0.266667 0.0109375 0.0259259
0 0.801042 0.424074 0.0104167 0.0240741
0 0.604167 0.969444 0.0104167 0.0240741
0 0.928646 0.684722 0.0104167 0.025
0 0.460156 0.866667 0.0109375 0.0259259
0 0.975781 0.259259 0.0109375 0.0259259
