0 0.71224 0.987037 0.00989583 0.0240741
0 0.288802 0.62963 0.00989583 0.0240741
0 0.16849 0.0152778 0.0109375 0.0268519
0 0.377083 0.186574 0.0104167 0.025
0 0.328646 0.299074 0.0104167 0.0240741
0 0.42474 0.634259 0.0109375 0.0259259
0 0.914323 0.387963 0.0109375 0.0259259
0 0.498958 0.234259 0.0104167 0.0259259
0 0.952604 0.263889 0.0114583 0.0259259
0 0.395833 0.720833 0.0104167 0.025
0 0.802083 0.34537 0.0104167 0.0259259
0 0.270573 0.939352 0.0109375 0.025
0 0.298958 0.94537 0.0104167 0.0259259
0 0.16849 0.818519 0.0109375 0.0259259
0 0.202083 0.909259 0.0104167 0.0259259
0 0.69401 0.305093 0.0109375 0.025
0 0.610677 0.201852 0.0109375 0.0259259
0 0.839323 0.324074 0.0109375 0.0259259
0 0.641406 0.289815 0.0109375 0.0259259
