0 0.955729 0.988889 0.0104167 0.0222222
0 0.483333 0.0268519 0.0104167 0.0240741
0 0.291406 0.486574 0.0109375 0.0268519
0 0.63776 0.565741 0.0109375 0.0259259
0 0.59401 0.356481 0.0109375 0.0259259
0 0.285417 0.761574 0.0104167 0.025
0 0.613281 0.498148 0.0109375 0.0259259
0 0.252604 0.385185 0.0104167 0.0240741
0 0.49375 0.333796 0.0104167 0.025
0 0.85026 0.253704 0.0109375 0.0259259
0 0.73151 0.35 0.0109375 0.0259259
0 0.747656 0.874074 0.0109375 0.0259259
0 0.67474 0.243981 0.0109375 0.025
0 0.0317708 0.934722 0.0104167 0.025
0 0.847396 0.670833 0.0104167 0.025
0 0.18151 0.0273148 0.0109375 0.025
0 0.725781 0.283333 0.0109375 0.0259259
0 0.213802 0.266204 0.0109375 0.025
0 0.183594 0.780556 0.0109375 0.0259259
0 0.244531 0.905093 0.0109375 0.025
0 0.395052 0.860185 0.0109375 0.0259259
0 0.384635 0.24537 0.0109375 0.0259259
0 0.123177 0.48287 0.0109375 0.025
0 0.315885 0.146296 0.0109375 0.0259259
0 0.0752604 0.89213 0.0109375 0.025
0 0.425781 0.427778 0.0109375 0.0259259
0 0.709115 0.766667 0.0109375 0.0259259
0 0.571354 0.381019 0.0104167 0.025
0 0.0351562 0.500926 0.0109375 0.0259259
0 0.25026 0.644444 0.0109375 0.0259259
0 0.771094 0.336111 0.0109375 0.0259259
0 0.773177 0.454167 0.0109375 0.025
0 0.0971354 0.438889 0.0109375 0.0259259
0 0.979688 0.50787 0.0104167 0.025
0 0.784896 0.511111 0.0104167 0.0259259
0 0.729688 0.0847222 0.0104167 0.025
0 0.472656 0.127315 0.0109375 0.025
0 0.377865 0.324074 0.0109375 0.0259259
0 0.365365 0.578241 0.0109375 0.025
0 0.271615 0.577778 0.0109375 0.0259259
0 0.146354 0.880093 0.0104167 0.025
0 0.926562 0.9125 0.0104167 0.025
0 0.513802 0.4 0.0109375 0.0259259
0 0.779948 0.936111 0.0109375 0.0259259
0 0.0648438 0.17963 0.0109375 0.0259259
0 0.776823 0.581944 0.0109375 0.025
0 0.817969 0.0615741 0.0109375 0.025
0 0.878125 0.798611 0.0104167 0.025
0 0.317969 0.768056 0.0109375 0.025
0 0.0658854 0.525926 0.0109375 0.0259259
0 0.352865 0.702315 0.0109375 0.0268519
0 0.686719 0.702778 0.0109375 0.0259259
0 0.05 0.111574 0.0104167 0.025
0 0.38724 0.456944 0.0109375 0.025
0 0.215885 0.172685 0.0109375 0.0268519
0 0.0648438 0.0731481 0.0109375 0.0259259
0 0.827604 0.614815 0.0104167 0.0259259
