0 0.770052 0.530556 0.0109375 0.0259259
0 0.867448 0.437037 0.0109375 0.0259259
0 0.0257812 0.854167 0.0109375 0.025
0 0.869792 0.398611 0.0104167 0.025
0 0.656771 0.344907 0.0104167 0.025
0 0.258594 0.567593 0.0109375 0.0259259
0 0.897656 0.0157407 0.0109375 0.0259259
0 0.204427 0.29537 0.0109375 0.0259259
0 0.705469 0.79213 0.0109375 0.0268519
0 0.527604 0.440278 0.0104167 0.025
0 0.67474 0.929167 0.0109375 0.025
0 0.299219 0.139815 0.0109375 0.0259259
0 0.175781 0.15463 0.0109375 0.0259259
0 0.126823 0.101852 0.0109375 0.0259259
0 0.333073 0.264815 0.0109375 0.0259259
0 0.363281 0.90463 0.0109375 0.0259259
0 0.96849 0.357407 0.0109375 0.0259259
0 0.279167 0.659722 0.0104167 0.025
0 0.166667 0.249537 0.0104167 0.025
0 0.0721354 0.364815 0.0109375 0.0259259
0 0.917188 0.423611 0.0104167 0.025
0 0.864583 0.484722 0.0104167 0.025
