0 0.985677 0.571296 0.0109375 0.0259259
0 0.00963542 0.139352 0.0109375 0.025
0 0.286719 0.800926 0.0109375 0.0259259
0 0.0177083 0.838426 0.0104167 0.025
0 0.222917 0.65 0.0104167 0.0259259
0 0.841406 0.27963 0.0109375 0.0259259
0 0.14375 0.718982 0.0104167 0.025
0 0.0169271 0.536111 0.0109375 0.0259259
0 0.957812 0.636574 0.0104167 0.025
0 0.282031 0.618519 0.0109375 0.0259259
0 0.320052 0.880556 0.0109375 0.0259259
0 0.778906 0.0888889 0.0109375 0.0259259
0 0.90026 0.250926 0.0109375 0.0259259
