0 0.284635 0.683796 0.0109375 0.0268519
0 0.370052 0.485185 0.0109375 0.0259259
0 0.346094 0.912963 0.0109375 0.0259259
0 0.259115 0.874537 0.0109375 0.025
0 0.213802 0.553704 0.0109375 0.0259259
0 0.427083 0.409722 0.0104167 0.025
0 0.171094 0.82037 0.0109375 0.0259259
0 0.249479 0.220833 0.0104167 0.025
0 0.342448 0.594444 0.0109375 0.0259259
0 0.36901 0.537037 0.0109375 0.0259259
0 0.463281 0.316667 0.0109375 0.0259259
0 0.405469 0.213889 0.0109375 0.0259259
0 0.609115 0.271296 0.0109375 0.0259259
0 0.315104 0.393056 0.0104167 0.025
0 0.701823 0.112037 0.0109375 0.0259259
0 0.32526 0.681944 0.0109375 0.025
0 0.480469 0.0398148 0.0109375 0.0259259
0 0.595833 0.0125 0.0104167 0.025
0 0.53724 0.268519 0.0109375 0.0259259
0 0.115365 0.222222 0.0109375 0.0259259
0 0.566927 0.101389 0.0109375 0.025
