0 0.231771 0.138426 0.0104167 0.025
0 0.333333 0.897222 0.0104167 0.0259259
0 0.913281 0.878241 0.0109375 0.025
0 0.903646 0.766667 0.0104167 0.0259259
0 0.708073 0.494444 0.0109375 0.0259259
0 0.84974 0.6875 0.0109375 0.0268519
0 0.952865 0.643981 0.0109375 0.025
0 0.614583 0.475463 0.0104167 0.025
0 0.108073 0.136574 0.0109375 0.0268519
0 0.791667 0.763426 0.0104167 0.025
0 0.574479 0.3375 0.0104167 0.025
0 0.541146 0.185648 0.0104167 0.025
0 0.13724 0.140741 0.0109375 0.0259259
0 0.938021 0.794907 0.0104167 0.025
0 0.196354 0.438426 0.0104167 0.025
0 0.282552 0.691667 0.0109375 0.0259259
0 0.452604 0.312037 0.0104167 0.0259259
0 0.204427 0.0888889 0.0109375 0.0259259
0 0.501823 0.0240741 0.0109375 0.0259259
0 0.905469 0.379167 0.0109375 0.0268519
0 0.929948 0.931481 0.0109375 0.0259259
0 0.41276 0.738889 0.0109375 0.0259259
