0 0.995573 0.816667 0.00885417 0.0240741
0 0.0372396 0.441204 0.0109375 0.025
0 0.0325521 0.321296 0.0109375 0.0259259
0 0.289844 0.921296 0.0109375 0.0259259
0 0.599219 0.43287 0.0109375 0.025
0 0.53151 0.817593 0.0109375 0.0259259
0 0.950781 0.722222 0.0109375 0.0259259
0 0.146094 0.606481 0.0109375 0.0259259
0 0.366146 0.318056 0.0104167 0.025
0 0.866927 0.672222 0.0109375 0.0259259
0 0.747656 0.949074 0.0109375 0.0259259
0 0.0367187 0.850926 0.0109375 0.0259259
0 0.157031 0.891667 0.0109375 0.0259259
0 0.116927 0.871296 0.0109375 0.0259259
0 0.979167 0.739352 0.0104167 0.025
0 0.0955729 0.842593 0.0109375 0.0259259
0 0.716406 0.909259 0.0109375 0.0259259
0 0.710156 0.50463 0.0109375 0.0259259
0 0.46875 0.0143519 0.0104167 0.025
0 0.0304688 0.19537 0.0109375 0.0259259
0 0.529948 0.389815 0.0109375 0.0259259
0 0.94349 0.876389 0.0109375 0.025
0 0.0950521 0.721296 0.0109375 0.0259259
0 0.442187 0.331944 0.0104167 0.025
0 0.260677 0.756944 0.0109375 0.025
0 0.378385 0.978704 0.0109375 0.0259259
0 0.654427 0.469444 0.0109375 0.0259259
0 0.0429688 0.914815 0.0109375 0.0259259
