0 0.532031 0.957407 0.00989583 0.0222222
0 0.996354 0.732407 0.00729167 0.0277778
0 0.6875 0.0777778 0.0104167 0.0240741
0 0.996094 0.243519 0.0078125 0.0259259
0 0.81276 0.85463 0.0109375 0.0259259
0 0.46849 0.243519 0.0109375 0.0259259
0 0.440885 0.641667 0.0109375 0.0259259
0 0.0950521 0.917593 0.0109375 0.0259259
0 0.0458333 0.508796 0.0104167 0.025
0 0.577865 0.0819444 0.0109375 0.025
0 0.442448 0.387037 0.00989583 0.0240741
0 0.353906 0.518056 0.0109375 0.025
0 0.452604 0.543981 0.0104167 0.025
0 0.608594 0.960185 0.0109375 0.0259259
0 0.864323 0.853241 0.0109375 0.025
0 0.41875 0.951389 0.0104167 0.025
0 0.883594 0.75787 0.0109375 0.025
0 0.363281 0.584259 0.0109375 0.0259259
0 0.727083 0.0444444 0.0104167 0.0240741
0 0.764323 0.0458333 0.0109375 0.0268519
0 0.909115 0.689352 0.0109375 0.0268519
0 0.472135 0.45463 0.0109375 0.0259259
0 0.20026 0.385185 0.0109375 0.0259259
0 0.899479 0.496759 0.0104167 0.025
0 0.3625 0.785648 0.0104167 0.025
0 0.339323 0.9 0.0109375 0.0259259
0 0.921094 0.778241 0.0109375 0.0268519
0 0.398698 0.437963 0.00989583 0.0240741
0 0.383333 0.527778 0.0104167 0.0259259
0 0.44349 0.0967593 0.0109375 0.025
0 0.594531 0.796759 0.0109375 0.025
0 0.504687 0.840278 0.0104167 0.025
0 0.355729 0.677315 0.0104167 0.025
0 0.495052 0.323148 0.0109375 0.0259259
0 0.404948 0.0777778 0.0109375 0.0259259
0 0.886198 0.150926 0.0109375 0.0259259
0 0.290365 0.216204 0.0109375 0.025
0 0.390365 0.67963 0.0109375 0.0259259
0 0.503125 0.67963 0.0114583 0.0259259
0 0.45026 0.937037 0.0109375 0.0259259
0 0.27474 0.47037 0.0109375 0.0259259
0 0.613802 0.180093 0.0109375 0.025
0 0.521615 0.902778 0.0109375 0.0259259
