0 0.577604 0.402315 0.0104167 0.025
0 0.990365 0.227778 0.0109375 0.0259259
0 0.0197917 0.816667 0.0104167 0.0259259
0 0.76849 0.773148 0.0109375 0.0240741
0 0.719792 0.405556 0.0104167 0.0240741
0 0.634635 0.7375 0.0109375 0.025
0 0.392969 0.109259 0.0109375 0.0259259
0 0.686719 0.939815 0.0109375 0.0259259
0 0.553125 0.6125 0.0104167 0.025
0 0.584115 0.846296 0.0109375 0.0259259
0 0.858333 0.636111 0.0104167 0.0259259
0 0.176823 0.969444 0.0109375 0.0259259
0 0.778385 0.858333 0.0109375 0.0259259
0 0.441406 0.440741 0.0109375 0.0259259
0 0.913802 0.0824074 0.0109375 0.0259259
0 0.738281 0.639815 0.0109375 0.0259259
0 0.0554687 0.910185 0.0109375 0.0259259
0 0.604427 0.576852 0.0109375 0.0259259
0 0.797656 0.935185 0.0109375 0.0259259
