0 0.00390625 0.335648 0.0078125 0.025
0 0.17474 0.0333333 0.0109375 0.0259259
0 0.903385 0.456019 0.0109375 0.025
0 0.990104 0.315278 0.0114583 0.0268519
0 0.0450521 0.256019 0.0109375 0.025
0 0.541146 0.0689815 0.0104167 0.025
0 0.0856771 0.261111 0.0109375 0.0259259
0 0.836979 0.339352 0.0104167 0.025
0 0.310937 0.10463 0.0104167 0.0259259
0 0.232552 0.460185 0.0109375 0.0259259
0 0.91849 0.944444 0.0109375 0.0259259
0 0.408073 0.103241 0.0109375 0.0268519
0 0.0304688 0.35 0.0109375 0.0259259
0 0.955729 0.36713 0.0104167 0.025
0 0.447135 0.0175926 0.0109375 0.0259259
0 0.972135 0.437037 0.0109375 0.0259259
0 0.526302 0.20463 0.0109375 0.0259259
