0 0.997135 0.41713 0.00572917 0.0268519
0 0.195573 0.099537 0.0109375 0.0268519
0 0.678906 0.208796 0.0109375 0.025
0 0.732292 0.765278 0.0104167 0.025
0 0.304948 0.699074 0.0109375 0.0259259
0 0.83776 0.720833 0.0109375 0.025
0 0.333073 0.074537 0.0109375 0.025
0 0.808073 0.294444 0.0109375 0.0259259
0 0.646875 0.190278 0.0104167 0.025
0 0.546354 0.801389 0.0104167 0.025
0 0.0804688 0.698611 0.0109375 0.025
0 0.815104 0.987963 0.0104167 0.0240741
0 0.739323 0.102315 0.0109375 0.0268519
0 0.857552 0.326389 0.0109375 0.0268519
0 0.966406 0.796759 0.0109375 0.025
0 0.402865 0.0736111 0.0109375 0.025
0 0.12526 0.261574 0.0109375 0.025
0 0.333073 0.172222 0.0109375 0.0259259
0 0.748698 0.2875 0.0109375 0.025
0 0.521354 0.137963 0.0104167 0.0259259
0 0.469531 0.660648 0.0109375 0.025
0 0.690885 0.138889 0.0109375 0.0259259
0 0.904427 0.356481 0.0109375 0.0259259
0 0.451302 0.324074 0.0109375 0.0259259
0 0.121615 0.423148 0.0109375 0.0259259
0 0.547135 0.753704 0.0109375 0.0259259
0 0.79401 0.768056 0.0109375 0.025
0 0.333073 0.642593 0.0109375 0.0259259
0 0.959635 0.843056 0.0109375 0.0268519
0 0.836719 0.778704 0.0109375 0.0259259
0 0.632031 0.796296 0.0109375 0.0259259
0 0.398177 0.37963 0.0109375 0.0259259
