0 0.178385 0.378704 0.0109375 0.0259259
0 0.950521 0.421296 0.0104167 0.0240741
0 0.788542 0.778704 0.0104167 0.0240741
0 0.129427 0.921296 0.0109375 0.0259259
0 0.133594 0.759259 0.0109375 0.0259259
0 0.919792 0.334722 0.0104167 0.025
0 0.164062 0.497222 0.0104167 0.0240741
0 0.992188 0.7 0.0104167 0.0259259
0 0.835677 0.0282407 0.00989583 0.025
0 0.794531 0.0564815 0.0109375 0.0259259
0 0.802604 0.451389 0.0104167 0.025
0 0.452083 0.68287 0.0104167 0.025
0 0.15 0.618519 0.0104167 0.0259259
0 0.497656 0.481481 0.0109375 0.0259259
0 0.426302 0.211111 0.0109375 0.0259259
0 0.403385 0.025 0.0109375 0.0259259
0 0.773698 0.22037 0.0109375 0.0259259
0 0.929948 0.296759 0.0109375 0.025
0 0.888281 0.543981 0.0109375 0.025
0 0.142188 0.0967593 0.0104167 0.025
0 0.218229 0.037963 0.0104167 0.0259259
0 0.489062 0.695833 0.0104167 0.025
0 0.945833 0.902778 0.0104167 0.0259259
0 0.799479 0.739352 0.0104167 0.025
0 0.540885 0.190741 0.0109375 0.0259259
0 0.801042 0.665741 0.0104167 0.0240741
0 0.948177 0.695833 0.0109375 0.025
0 0.401042 0.265278 0.0104167 0.025
0 0.152604 0.355556 0.0104167 0.0259259
0 0.266927 0.0930556 0.0109375 0.025
0 0.933073 0.231481 0.0109375 0.0259259
0 0.409115 0.151852 0.0109375 0.0259259
0 0.128646 0.8 0.0104167 0.0259259
0 0.40026 0.363426 0.0109375 0.0268519
0 0.197656 0.216667 0.0109375 0.0259259
0 0.609896 0.0226852 0.0104167 0.025
0 0.205469 0.148148 0.0109375 0.0259259
0 0.958594 0.0583333 0.0109375 0.0259259
0 0.815365 0.223148 0.0109375 0.0259259
0 0.777865 0.293056 0.0109375 0.025
0 0.888281 0.473148 0.0109375 0.0259259
0 0.186979 0.303241 0.0104167 0.025
0 0.628385 0.131944 0.0109375 0.025
0 0.526302 0.0685185 0.0109375 0.0259259
0 0.888802 0.149074 0.0109375 0.0259259
0 0.449219 0.726852 0.0109375 0.0259259
0 0.722656 0.211574 0.0109375 0.025
0 0.804688 0.593056 0.0104167 0.025
0 0.990625 0.924074 0.0114583 0.0277778
0 0.742448 0.125926 0.0109375 0.0259259
