0 0.520052 0.575926 0.0109375 0.0259259
0 0.445052 0.121759 0.0109375 0.025
0 0.541406 0.699074 0.0109375 0.0259259
0 0.59401 0.798611 0.0109375 0.0268519
0 0.436198 0.0125 0.0109375 0.025
0 0.391406 0.0773148 0.0109375 0.025
0 0.604688 0.411111 0.0104167 0.0259259
0 0.419531 0.405556 0.0109375 0.0259259
0 0.210677 0.786111 0.0109375 0.0259259
0 0.622135 0.218056 0.0109375 0.025
0 0.442187 0.514352 0.0104167 0.025
0 0.592969 0.749537 0.0109375 0.025
0 0.639583 0.494907 0.0104167 0.025
0 0.384635 0.900463 0.0109375 0.025
0 0.292448 0.0597222 0.0109375 0.025
0 0.602083 0.601389 0.0104167 0.025
0 0.726302 0.850926 0.0109375 0.0259259
0 0.640885 0.037037 0.0109375 0.0259259
0 0.791667 0.0643518 0.0114583 0.0268519
0 0.25599 0.325 0.0109375 0.0259259
0 0.597917 0.288889 0.0104167 0.0259259
0 0.463281 0.424074 0.0109375 0.0259259
0 0.192969 0.0180556 0.0109375 0.0268519
0 0.60026 0.336111 0.0109375 0.0259259
