0 0.573958 0.320833 0.0104167 0.025
0 0.932292 0.861574 0.0114583 0.0268519
0 0.468229 0.785185 0.0104167 0.0259259
0 0.0783854 0.348611 0.0109375 0.025
0 0.370573 0.397222 0.0109375 0.0259259
0 0.342708 0.869907 0.0104167 0.025
0 0.56901 0.634259 0.0109375 0.0259259
0 0.232031 0.2125 0.0109375 0.025
0 0.83776 0.685185 0.0109375 0.0259259
0 0.510156 0.769444 0.0109375 0.0259259
0 0.573698 0.361111 0.00989583 0.0240741
0 0.81849 0.791667 0.0109375 0.0259259
0 0.558854 0.436574 0.0104167 0.025
0 0.720052 0.869444 0.0109375 0.0259259
0 0.655729 0.660648 0.0104167 0.025
0 0.582552 0.693519 0.0109375 0.0259259
0 0.628646 0.551389 0.0104167 0.025
0 0.648177 0.719907 0.0109375 0.025
0 0.326302 0.974074 0.0109375 0.0259259
