0 0.850781 0.744907 0.0109375 0.025
0 0.967448 0.299074 0.0109375 0.0259259
0 0.0518229 0.542593 0.0109375 0.0259259
0 0.628125 0.609722 0.0104167 0.025
0 0.0398437 0.453704 0.0109375 0.0259259
0 0.15599 0.953704 0.0109375 0.0259259
0 0.878906 0.246759 0.0109375 0.025
0 0.10026 0.488889 0.0109375 0.0259259
0 0.128906 0.921759 0.0109375 0.025
0 0.880469 0.583333 0.0109375 0.0259259
0 0.338281 0.0638889 0.0109375 0.0259259
0 0.795573 0.775463 0.0109375 0.025
0 0.146094 0.864815 0.0109375 0.0259259
0 0.74974 0.642593 0.0109375 0.0259259
0 0.258594 0.614815 0.0109375 0.0259259
0 0.96224 0.215278 0.0109375 0.025
0 0.614323 0.684722 0.0109375 0.025
0 0.452344 0.125926 0.0109375 0.0259259
0 0.439323 0.681944 0.0109375 0.0268519
0 0.602344 0.750926 0.0109375 0.0259259
