0 0.0372396 0.374074 0.0109375 0.0259259
0 0.489323 0.166667 0.0109375 0.0259259
0 0.896615 0.684722 0.0109375 0.025
0 0.210677 0.861111 0.0109375 0.0259259
0 0.335156 0.466667 0.0109375 0.0259259
0 0.56901 0.0240741 0.0109375 0.0259259
0 0.468229 0.0893519 0.0104167 0.025
0 0.229167 0.647685 0.0104167 0.025
0 0.688542 0.636574 0.0104167 0.025
0 0.263802 0.946296 0.0109375 0.0259259
0 0.870052 0.440741 0.0109375 0.0259259
0 0.361198 0.476389 0.0109375 0.025
0 0.646094 0.269444 0.0109375 0.0259259
0 0.124479 0.60463 0.0104167 0.0259259
0 0.447917 0.0125 0.0104167 0.025
0 0.560677 0.335185 0.0109375 0.0259259
0 0.873438 0.701389 0.0104167 0.025
0 0.826823 0.361111 0.0109375 0.0259259
0 0.508333 0.285185 0.0104167 0.0240741
0 0.494531 0.438426 0.0109375 0.025
0 0.0263021 0.312037 0.0109375 0.0259259
0 0.684635 0.898611 0.0109375 0.025
0 0.691927 0.390278 0.0109375 0.025
