0 0.138021 0.698611 0.0104167 0.025
0 0.985156 0.450926 0.0109375 0.0259259
0 0.122135 0.638889 0.0109375 0.0259259
0 0.582292 0.344444 0.0104167 0.0259259
0 0.106771 0.583333 0.0104167 0.0259259
0 0.304167 0.85 0.0104167 0.0259259
0 0.702083 0.810648 0.0104167 0.025
0 0.0481771 0.100463 0.00989583 0.025
0 0.676302 0.484259 0.0109375 0.0259259
0 0.508594 0.803704 0.0109375 0.0259259
0 0.0877604 0.853241 0.0109375 0.025
0 0.995573 0.619907 0.00885417 0.0231481
0 0.174219 0.807407 0.0109375 0.0259259
0 0.652344 0.538889 0.0109375 0.0259259
0 0.644531 0.433796 0.0109375 0.0268519
0 0.177083 0.738889 0.0104167 0.0259259
0 0.188281 0.137037 0.0109375 0.0259259
0 0.634115 0.290741 0.0109375 0.0259259
0 0.970052 0.235185 0.0109375 0.0259259
0 0.355469 0.827778 0.0109375 0.0259259
0 0.698177 0.897685 0.0109375 0.025
0 0.79974 0.805556 0.0109375 0.0259259
0 0.328385 0.968056 0.0109375 0.025
0 0.492708 0.593982 0.0104167 0.025
0 0.764323 0.845833 0.0109375 0.025
0 0.617969 0.0472222 0.0109375 0.0259259
0 0.67526 0.85 0.0109375 0.0259259
0 0.97526 0.306944 0.0109375 0.025
0 0.967188 0.191667 0.0104167 0.0259259
0 0.648958 0.491204 0.0104167 0.025
0 0.478646 0.395833 0.0104167 0.025
0 0.968229 0.0481481 0.0104167 0.0240741
0 0.661198 0.657407 0.0109375 0.0259259
0 0.890104 0.0199074 0.0114583 0.0268519
0 0.328906 0.906944 0.0109375 0.0268519
0 0.874219 0.814352 0.0109375 0.025
0 0.988802 0.796296 0.0109375 0.0259259
