0 0.0591146 0.799074 0.0109375 0.0259259
0 0.152604 0.6125 0.0104167 0.025
0 0.361198 0.744444 0.00989583 0.0240741
0 0.690104 0.365741 0.0104167 0.0240741
0 0.639844 0.256019 0.0109375 0.025
0 0.713021 0.460648 0.0104167 0.025
0 0.333073 0.340278 0.0109375 0.025
0 0.0963542 0.684722 0.0104167 0.025
0 0.123958 0.126389 0.0104167 0.025
0 0.478906 0.650463 0.0109375 0.025
0 0.807552 0.139815 0.0109375 0.0259259
0 0.200781 0.897222 0.0109375 0.0259259
0 0.0205729 0.062037 0.0109375 0.0259259
0 0.108854 0.0171296 0.0104167 0.025
0 0.247396 0.491204 0.0104167 0.025
0 0.185417 0.554167 0.0104167 0.025
0 0.846615 0.298611 0.0109375 0.025
0 0.92474 0.630556 0.00989583 0.0240741
0 0.848698 0.506019 0.0109375 0.025
0 0.0833333 0.802315 0.0104167 0.025
0 0.0143229 0.747222 0.00989583 0.0240741
0 0.0466146 0.503704 0.00989583 0.0240741
0 0.547917 0.580093 0.0104167 0.025
0 0.697917 0.500463 0.0104167 0.025
0 0.267188 0.779167 0.0104167 0.025
0 0.617708 0.527315 0.0104167 0.025
0 0.321354 0.782407 0.0104167 0.0259259
0 0.115885 0.870833 0.0109375 0.025
0 0.935938 0.690278 0.0104167 0.025
0 0.520833 0.612963 0.0104167 0.0259259
0 0.272917 0.827778 0.0104167 0.0259259
0 0.38776 0.526852 0.0109375 0.0259259
0 0.796094 0.0805556 0.0109375 0.0259259
0 0.401823 0.706481 0.00989583 0.0240741
0 0.603646 0.0731481 0.0104167 0.0240741
0 0.140625 0.952778 0.0104167 0.0259259
0 0.398698 0.356944 0.0109375 0.025
0 0.417448 0.2625 0.00989583 0.025
0 0.879687 0.0800926 0.0104167 0.025
0 0.677604 0.303704 0.0104167 0.0259259
0 0.342448 0.407407 0.0109375 0.0259259
0 0.499219 0.380556 0.0109375 0.0259259
0 0.130469 0.525 0.0109375 0.0259259
0 0.0773437 0.600463 0.0109375 0.025
0 0.439844 0.67037 0.0109375 0.0259259
