0 0.633854 0.32963 0.0114583 0.0277778
0 0.659896 0.207407 0.0104167 0.0240741
0 0.957031 0.454167 0.0109375 0.025
0 0.676823 0.433796 0.0109375 0.025
0 0.652344 0.857407 0.0109375 0.0259259
0 0.789844 0.867593 0.0109375 0.0259259
0 0.714323 0.253704 0.0109375 0.0259259
0 0.755469 0.417593 0.0109375 0.0259259
0 0.572656 0.0171296 0.0109375 0.0268519
0 0.68151 0.259259 0.0109375 0.0259259
0 0.633073 0.615278 0.0109375 0.025
0 0.640885 0.70463 0.0109375 0.0259259
0 0.38724 0.658333 0.0109375 0.0259259
0 0.59974 0.546296 0.0109375 0.0259259
