0 0.0148437 0.219907 0.0109375 0.025
0 0.184635 0.785185 0.0109375 0.0259259
0 0.0348958 0.10787 0.0104167 0.025
0 0.548177 0.676852 0.0109375 0.0259259
0 0.776563 0.209722 0.0104167 0.025
0 0.440885 0.601852 0.0109375 0.0259259
0 0.645052 0.381944 0.0109375 0.025
0 0.703646 0.335648 0.0104167 0.025
0 0.771354 0.327315 0.0104167 0.025
0 0.0424479 0.0694444 0.0109375 0.0259259
0 0.244531 0.157407 0.0109375 0.0259259
0 0.750781 0.551852 0.0109375 0.0259259
0 0.6875 0.447685 0.0104167 0.025
0 0.777344 0.506481 0.0109375 0.0259259
0 0.75651 0.415741 0.0109375 0.0259259
0 0.248177 0.818056 0.0109375 0.0268519
0 0.69349 0.393519 0.0109375 0.0259259
0 0.165885 0.846296 0.0109375 0.0259259
0 0.0184896 0.651389 0.0109375 0.025
