0 0.0046875 0.288426 0.009375 0.025
0 0.245833 0.675463 0.0104167 0.025
0 0.147396 0.60787 0.0114583 0.0268519
0 0.51276 0.456481 0.0109375 0.0240741
0 0.503125 0.95463 0.0104167 0.0240741
0 0.151823 0.555556 0.0109375 0.0259259
0 0.889583 0.452315 0.0104167 0.025
0 0.922396 0.162037 0.0104167 0.0259259
0 0.916406 0.075 0.0109375 0.0259259
0 0.911458 0.617593 0.0104167 0.0240741
0 0.0841146 0.353704 0.0109375 0.0259259
0 0.5375 0.968982 0.0104167 0.025
0 0.192969 0.7875 0.0109375 0.025
0 0.979427 0.759259 0.0109375 0.0259259
0 0.491406 0.0972222 0.00989583 0.0240741
0 0.484635 0.618981 0.0109375 0.025
0 0.227344 0.388426 0.0109375 0.025
0 0.847656 0.583333 0.0109375 0.0259259
0 0.372656 0.129167 0.0109375 0.025
0 0.233073 0.857407 0.0109375 0.0259259
0 0.30599 0.0125 0.0109375 0.025
0 0.461458 0.938426 0.0104167 0.025
0 0.119531 0.200926 0.0109375 0.0259259
0 0.330469 0.885648 0.0109375 0.025
0 0.653385 0.487963 0.0109375 0.0259259
0 0.254427 0.0962963 0.0109375 0.0259259
0 0.636719 0.616667 0.0109375 0.0259259
0 0.939323 0.75463 0.0109375 0.0259259
0 0.91224 0.259722 0.0109375 0.025
0 0.400521 0.515278 0.0104167 0.025
0 0.901823 0.347222 0.0109375 0.0259259
0 0.241406 0.235185 0.0109375 0.0259259
0 0.217969 0.324074 0.0109375 0.0259259
0 0.123438 0.151389 0.0104167 0.025
0 0.31276 0.480093 0.0109375 0.025
0 0.0997396 0.416667 0.0109375 0.0259259
0 0.591406 0.59213 0.0109375 0.0268519
0 0.223177 0.469907 0.0109375 0.025
