0 0.86901 0.650926 0.0109375 0.0259259
0 0.58151 0.643981 0.0109375 0.025
0 0.813281 0.523148 0.0109375 0.0259259
0 0.943229 0.839815 0.0104167 0.0259259
0 0.861979 0.252778 0.0104167 0.0259259
0 0.891146 0.457407 0.0104167 0.0259259
0 0.753385 0.162963 0.0109375 0.0259259
0 0.716667 0.0412037 0.0104167 0.025
0 0.985677 0.968518 0.0109375 0.0259259
0 0.367448 0.589352 0.0109375 0.025
0 0.832552 0.872685 0.0109375 0.025
0 0.865365 0.323148 0.0109375 0.0259259
0 0.402344 0.787037 0.0109375 0.0259259
0 0.188542 0.752315 0.0104167 0.025
0 0.811719 0.130556 0.0109375 0.0259259
0 0.848958 0.723148 0.0104167 0.0259259
0 0.864323 0.423148 0.0109375 0.0259259
0 0.820312 0.646759 0.0104167 0.025
0 0.919531 0.421296 0.0109375 0.0259259
0 0.725781 0.825463 0.0109375 0.025
0 0.967188 0.856481 0.0104167 0.0259259
0 0.761719 0.214815 0.0109375 0.0259259
0 0.842969 0.925926 0.0109375 0.0259259
0 0.702865 0.72963 0.0109375 0.0259259
0 0.777865 0.310185 0.0109375 0.0259259
