0 0.80026 0.677778 0.0109375 0.0259259
0 0.311719 0.517593 0.0109375 0.0259259
0 0.725781 0.74537 0.0109375 0.0259259
0 0.808073 0.632407 0.0109375 0.0259259
0 0.777865 0.952778 0.0109375 0.0259259
0 0.716406 0.0981481 0.0109375 0.0259259
0 0.65651 0.707407 0.0109375 0.0259259
0 0.333073 0.52963 0.0109375 0.0259259
0 0.0848958 0.630093 0.0104167 0.025
0 0.53125 0.210185 0.0104167 0.0259259
0 0.104427 0.403704 0.0109375 0.0259259
0 0.832552 0.498148 0.0109375 0.0259259
0 0.920833 0.284722 0.0104167 0.025
0 0.0205729 0.350926 0.0109375 0.0259259
0 0.0632813 0.54213 0.0109375 0.0268519
0 0.78151 0.158333 0.0109375 0.0259259
0 0.186198 0.331481 0.0109375 0.0259259
0 0.0117188 0.571759 0.0109375 0.0268519
0 0.642969 0.864815 0.0109375 0.0259259
0 0.414323 0.574074 0.0109375 0.0259259
0 0.659115 0.955556 0.0109375 0.0259259
0 0.345052 0.951389 0.0109375 0.0268519
0 0.0518229 0.923611 0.0109375 0.0268519
0 0.895052 0.39537 0.0109375 0.0259259
0 0.780729 0.781482 0.0104167 0.0259259
0 0.676302 0.872222 0.0109375 0.0259259
0 0.702865 0.726852 0.0109375 0.0259259
0 0.27526 0.381481 0.0109375 0.0259259
