0 0.498958 0.963426 0.0104167 0.025
0 0.334896 0.665278 0.0104167 0.025
0 0.466406 0.650463 0.0109375 0.0268519
0 0.67526 0.243056 0.0109375 0.025
0 0.0114583 0.502315 0.0104167 0.025
0 0.0117188 0.982407 0.0109375 0.0259259
0 0.499219 0.425 0.0109375 0.0259259
0 0.597656 0.894907 0.0109375 0.025
0 0.50651 0.805556 0.0109375 0.0259259
0 0.513281 0.6875 0.0109375 0.0268519
0 0.559115 0.163889 0.0109375 0.0259259
0 0.416927 0.538426 0.0109375 0.0268519
0 0.416667 0.6875 0.0104167 0.025
0 0.280469 0.900926 0.0109375 0.0259259
0 0.648698 0.463889 0.0109375 0.0259259
0 0.569792 0.0462963 0.0104167 0.0240741
0 0.572396 0.721296 0.0104167 0.0240741
0 0.817448 0.715278 0.0109375 0.025
0 0.492708 0.848611 0.0104167 0.025
0 0.526302 0.518056 0.0109375 0.025
0 0.560938 0.393056 0.0104167 0.025
0 0.570052 0.309722 0.0109375 0.025
0 0.489844 0.734259 0.0109375 0.0259259
0 0.578906 0.221759 0.0109375 0.025
0 0.354948 0.243981 0.0109375 0.025
