0 0.983073 0.24213 0.00989583 0.025
0 0.996615 0.200463 0.00677083 0.0268519
0 0.0375 0.899074 0.0104167 0.0240741
0 0.747917 0.740278 0.0114583 0.0268519
0 0.733594 0.0333333 0.0109375 0.0259259
0 0.985417 0.123611 0.0104167 0.025
0 0.971094 0.05 0.0109375 0.0259259
0 0.0497396 0.643056 0.0109375 0.025
0 0.452083 0.569907 0.0104167 0.025
0 0.489323 0.840278 0.0109375 0.025
0 0.735156 0.121759 0.0109375 0.0268519
0 0.840625 0.840278 0.0104167 0.025
0 0.151302 0.927778 0.0109375 0.0259259
0 0.369792 0.9375 0.0104167 0.025
0 0.632031 0.237037 0.0109375 0.0259259
0 0.14349 0.978704 0.0109375 0.0259259
0 0.0372396 0.973611 0.00989583 0.025
0 0.796094 0.852778 0.0109375 0.0259259
0 0.922135 0.933333 0.0109375 0.0259259
0 0.980729 0.748611 0.0104167 0.025
0 0.290104 0.951852 0.0104167 0.0259259
0 0.882292 0.489352 0.0104167 0.025
0 0.959635 0.832407 0.0109375 0.0259259
0 0.696094 0.547222 0.0109375 0.0259259
0 0.83724 0.9125 0.0109375 0.025
0 0.505729 0.559722 0.0104167 0.025
0 0.921615 0.466667 0.0109375 0.0259259
