0 0.247396 0.149537 0.0104167 0.025
0 0.81901 0.0453704 0.0109375 0.0259259
0 0.31875 0.362963 0.0104167 0.0259259
0 0.851562 0.719907 0.0104167 0.025
0 0.91901 0.276389 0.0109375 0.025
0 0.370052 0.0773148 0.0109375 0.025
0 0.0966146 0.9375 0.0109375 0.025
0 0.355469 0.238426 0.0109375 0.025
0 0.180469 0.90463 0.0109375 0.0259259
0 0.338802 0.165741 0.0109375 0.0259259
0 0.78099 0.468056 0.0109375 0.0268519
0 0.308333 0.557407 0.0104167 0.0259259
0 0.51849 0.690278 0.0109375 0.025
0 0.175781 0.712037 0.0109375 0.0259259
0 0.952865 0.436111 0.0109375 0.0259259
0 0.851823 0.0268519 0.0109375 0.0259259
0 0.223177 0.138889 0.0109375 0.0259259
0 0.101562 0.559722 0.0104167 0.025
0 0.902083 0.0625 0.0104167 0.025
0 0.338021 0.85 0.0104167 0.0259259
0 0.0489583 0.968982 0.0104167 0.025
0 0.215885 0.399074 0.0109375 0.0259259
0 0.805469 0.477778 0.0109375 0.0259259
0 0.929948 0.590741 0.0109375 0.0259259
0 0.726562 0.960648 0.0104167 0.025
0 0.691406 0.90787 0.0109375 0.025
0 0.838802 0.506944 0.0109375 0.025
0 0.626302 0.904167 0.0109375 0.025
0 0.738281 0.47037 0.0109375 0.0259259
