0 0.802865 0.985648 0.0109375 0.025
0 0.163281 0.164352 0.0109375 0.025
0 0.960156 0.395833 0.0109375 0.0268519
0 0.0570313 0.478704 0.0109375 0.0259259
0 0.601302 0.708796 0.0109375 0.025
0 0.10026 0.932407 0.0109375 0.0259259
0 0.18151 0.944444 0.0109375 0.0259259
0 0.0210938 0.530556 0.0109375 0.0259259
0 0.475781 0.67963 0.0109375 0.0259259
0 0.953385 0.143519 0.0109375 0.0259259
0 0.108594 0.644444 0.0109375 0.0259259
0 0.583073 0.868056 0.0109375 0.025
0 0.181771 0.525 0.0104167 0.0259259
0 0.394531 0.241204 0.0109375 0.025
0 0.421875 0.830093 0.0104167 0.025
0 0.880469 0.402315 0.0109375 0.025
0 0.189583 0.868981 0.0104167 0.025
0 0.208073 0.758333 0.0109375 0.0259259
0 0.383854 0.658333 0.0104167 0.0259259
0 0.0638021 0.244907 0.0109375 0.025
0 0.572135 0.7 0.0109375 0.0259259
0 0.0447917 0.0138889 0.0104167 0.0259259
0 0.308854 0.212963 0.0104167 0.0259259
0 0.654167 0.723148 0.0104167 0.0240741
0 0.283854 0.711111 0.0104167 0.0240741
0 0.461719 0.137037 0.0109375 0.0259259
0 0.654688 0.0819444 0.0104167 0.025
0 0.401302 0.769444 0.0109375 0.0259259
0 0.220052 0.639352 0.0109375 0.025
