0 0.00364583 0.302315 0.00729167 0.0268519
0 0.620833 0.850463 0.0104167 0.025
0 0.348437 0.281944 0.0104167 0.025
0 0.40599 0.650926 0.0109375 0.0259259
0 0.0304688 0.0643518 0.0109375 0.025
0 0.291406 0.569444 0.0109375 0.0259259
0 0.527344 0.769444 0.0109375 0.0259259
0 0.234896 0.213426 0.0104167 0.025
0 0.63776 0.534259 0.0109375 0.0259259
0 0.319531 0.546759 0.0109375 0.025
0 0.0695312 0.39213 0.0109375 0.025
0 0.309375 0.456481 0.0104167 0.0259259
0 0.259635 0.1 0.0109375 0.0259259
0 0.28776 0.074537 0.0109375 0.0268519
