0 0.745833 0.0115741 0.0104167 0.0231481
0 0.0846354 0.814352 0.00989583 0.025
0 0.60026 0.906482 0.0109375 0.0259259
0 0.602083 0.763889 0.0104167 0.0240741
0 0.564062 0.695833 0.0104167 0.025
0 0.704167 0.901389 0.0104167 0.025
0 0.18151 0.660185 0.0109375 0.0259259
0 0.222917 0.29537 0.0104167 0.0240741
0 0.630208 0.838426 0.0104167 0.025
0 0.279167 0.24213 0.0104167 0.025
0 0.771875 0.918981 0.0104167 0.025
0 0.188802 0.617593 0.0109375 0.0259259
0 0.696094 0.942593 0.0109375 0.0259259
0 0.29401 0.724537 0.0109375 0.025
0 0.813542 0.942593 0.0104167 0.0259259
0 0.76901 0.85 0.0109375 0.0259259
0 0.0721354 0.959259 0.0109375 0.0259259
0 0.392188 0.756019 0.0104167 0.025
0 0.226042 0.352315 0.0104167 0.025
0 0.534635 0.860185 0.0109375 0.0259259
0 0.243229 0.426389 0.0104167 0.025
0 0.243229 0.695833 0.0104167 0.025
0 0.142708 0.637963 0.0104167 0.0259259
0 0.666667 0.923611 0.0104167 0.025
