0 0.989583 0.673611 0.0104167 0.025
0 0.0989583 0.300463 0.0104167 0.025
0 0.141927 0.856019 0.0109375 0.0268519
0 0.0890625 0.255556 0.0104167 0.0240741
0 0.630208 0.780556 0.0104167 0.0259259
0 0.557813 0.652315 0.0104167 0.025
0 0.16901 0.97963 0.0109375 0.0259259
0 0.282813 0.873148 0.0104167 0.0240741
0 0.149219 0.809259 0.0109375 0.0259259
0 0.258854 0.880556 0.0104167 0.0240741
0 0.0546875 0.543981 0.0104167 0.025
0 0.236198 0.898148 0.0109375 0.0259259
0 0.765885 0.12037 0.0109375 0.0259259
0 0.411719 0.675926 0.0109375 0.0259259
0 0.0822917 0.208796 0.0104167 0.025
0 0.0302083 0.3875 0.0104167 0.025
0 0.856771 0.118056 0.0104167 0.025
0 0.128125 0.489352 0.0104167 0.025
0 0.484115 0.805093 0.0109375 0.025
0 0.934896 0.441204 0.0104167 0.025
0 0.51901 0.254167 0.0109375 0.025
0 0.580469 0.696296 0.00989583 0.0240741
0 0.40026 0.899074 0.0109375 0.0259259
0 0.0783854 0.699074 0.0109375 0.0259259
0 0.808594 0.562963 0.00989583 0.0240741
0 0.703125 0.785185 0.0104167 0.0240741
0 0.195052 0.900926 0.0109375 0.0259259
0 0.71276 0.087037 0.0109375 0.0259259
0 0.009375 0.272222 0.0104167 0.0240741
0 0.705729 0.92037 0.0104167 0.0259259
0 0.16276 0.711574 0.0109375 0.025
0 0.0432292 0.0699074 0.0104167 0.025
0 0.935677 0.488426 0.00989583 0.025
0 0.0421875 0.465278 0.0104167 0.025
0 0.884115 0.716667 0.0109375 0.0259259
0 0.37526 0.593518 0.0109375 0.0259259
0 0.821354 0.487963 0.0104167 0.0259259
0 0.623698 0.818981 0.0109375 0.025
0 0.352865 0.601852 0.0109375 0.0259259
0 0.77474 0.761574 0.0109375 0.025
0 0.54349 0.735185 0.0109375 0.0259259
0 0.393229 0.118981 0.0104167 0.025
0 0.929688 0.347222 0.0104167 0.0240741
0 0.873698 0.259722 0.0109375 0.025
0 0.0776042 0.101852 0.0104167 0.0259259
0 0.790365 0.339815 0.0109375 0.0259259
0 0.630469 0.478704 0.0109375 0.0259259
0 0.742969 0.213889 0.0109375 0.0259259
0 0.743229 0.584722 0.0104167 0.025
0 0.105208 0.0935185 0.0104167 0.0259259
0 0.98776 0.751852 0.0109375 0.0259259
0 0.104687 0.749074 0.0104167 0.0259259
0 0.640365 0.615741 0.0109375 0.0259259
