0 0.003125 0.258796 0.00625 0.0231481
0 0.809896 0.584722 0.0104167 0.025
0 0.815885 0.231944 0.0109375 0.025
0 0.364583 0.431019 0.0104167 0.025
0 0.3375 0.430556 0.0104167 0.0240741
0 0.715365 0.876852 0.0109375 0.0259259
0 0.68151 0.546296 0.0109375 0.0259259
0 0.377083 0.317593 0.0104167 0.0240741
0 0.452344 0.3 0.0109375 0.0259259
0 0.0135417 0.90463 0.0104167 0.0259259
0 0.810417 0.624537 0.0104167 0.025
0 0.197656 0.917593 0.0109375 0.0259259
0 0.149479 0.241204 0.0104167 0.025
0 0.370833 0.360648 0.0104167 0.025
0 0.113281 0.229167 0.0109375 0.025
0 0.500781 0.677778 0.0109375 0.0259259
0 0.872135 0.253704 0.0109375 0.0240741
0 0.0231771 0.171296 0.0109375 0.0259259
0 0.525 0.268056 0.0104167 0.025
0 0.108854 0.327315 0.0104167 0.025
0 0.738542 0.64213 0.0104167 0.025
0 0.0958333 0.869907 0.0104167 0.025
0 0.807552 0.923148 0.0109375 0.0259259
0 0.0385417 0.609722 0.0104167 0.025
0 0.886198 0.621296 0.0109375 0.0259259
0 0.508073 0.771296 0.0109375 0.0259259
0 0.348177 0.361574 0.0109375 0.025
0 0.85599 0.451852 0.0109375 0.0259259
0 0.610677 0.868056 0.0109375 0.025
0 0.594531 0.462037 0.0109375 0.0259259
0 0.730729 0.441204 0.0104167 0.025
0 0.386198 0.804167 0.0109375 0.025
0 0.40026 0.717593 0.0109375 0.0259259
0 0.267969 0.389815 0.0109375 0.0259259
0 0.766667 0.459259 0.0104167 0.0240741
0 0.0648438 0.191204 0.0109375 0.025
0 0.286198 0.267593 0.0109375 0.0259259
0 0.442969 0.727778 0.0109375 0.0259259
0 0.291927 0.218056 0.0109375 0.0268519
0 0.216667 0.845833 0.0104167 0.025
0 0.879948 0.960648 0.0109375 0.0268519
0 0.548698 0.791667 0.0109375 0.0259259
0 0.303385 0.667593 0.0109375 0.0259259
0 0.104948 0.659722 0.0109375 0.025
