0 0.996354 0.0319444 0.00729167 0.0268519
0 0.89375 0.60787 0.0104167 0.025
0 0.1375 0.677315 0.0104167 0.025
0 0.0354167 0.649537 0.0104167 0.025
0 0.311198 0.292593 0.0109375 0.0259259
0 0.70651 0.662963 0.0109375 0.0259259
0 0.628646 0.831019 0.0104167 0.025
0 0.532552 0.937037 0.0109375 0.0259259
0 0.846094 0.485648 0.0109375 0.025
0 0.26901 0.464815 0.0109375 0.0259259
0 0.888542 0.299537 0.0104167 0.025
0 0.892448 0.788426 0.0109375 0.025
0 0.24401 0.498148 0.0109375 0.0259259
0 0.161458 0.0648148 0.0104167 0.0240741
0 0.554167 0.846296 0.0104167 0.0240741
0 0.852865 0.184722 0.0109375 0.025
0 0.266146 0.695833 0.0104167 0.025
0 0.353125 0.235648 0.0104167 0.025
0 0.190885 0.787963 0.0109375 0.0259259
0 0.0450521 0.72963 0.0109375 0.0259259
0 0.60651 0.852315 0.0109375 0.025
0 0.811458 0.531018 0.0104167 0.025
0 0.233854 0.734259 0.0104167 0.0259259
0 0.988281 0.594907 0.0109375 0.025
0 0.0708333 0.419907 0.0104167 0.025
0 0.391927 0.295833 0.0109375 0.025
0 0.842708 0.549537 0.0104167 0.025
0 0.925781 0.398148 0.0109375 0.0259259
0 0.91901 0.761111 0.0109375 0.0259259
0 0.499219 0.577778 0.0109375 0.0259259
0 0.515365 0.138889 0.0109375 0.0259259
0 0.698177 0.915741 0.0109375 0.0259259
0 0.368229 0.313889 0.0104167 0.0259259
0 0.198437 0.626852 0.0114583 0.0259259
0 0.313802 0.433333 0.0109375 0.0259259
0 0.396615 0.0833333 0.0109375 0.0259259
0 0.361198 0.0888889 0.0109375 0.0259259
0 0.820573 0.868519 0.0109375 0.0259259
0 0.277083 0.049537 0.0104167 0.025
0 0.314583 0.0958333 0.0104167 0.025
0 0.229687 0.19537 0.0104167 0.0259259
0 0.292969 0.116204 0.0109375 0.025
0 0.0851562 0.372222 0.0109375 0.0259259
0 0.575781 0.738426 0.0109375 0.025
0 0.489844 0.24537 0.0109375 0.0259259
0 0.827865 0.791667 0.0109375 0.0259259
0 0.751302 0.0935185 0.0109375 0.0259259
