0 0.913281 0.6125 0.0109375 0.025
0 0.470313 0.3875 0.0104167 0.025
0 0.78776 0.861574 0.00989583 0.025
0 0.810677 0.551389 0.0109375 0.025
0 0.645052 0.476389 0.0109375 0.025
0 0.165104 0.240741 0.0104167 0.0240741
0 0.91901 0.418519 0.0109375 0.0259259
0 0.175521 0.356019 0.0104167 0.025
0 0.934115 0.359259 0.0109375 0.0259259
0 0.421615 0.331019 0.0109375 0.025
0 0.18151 0.192593 0.0109375 0.0259259
0 0.220052 0.32963 0.0109375 0.0259259
0 0.653906 0.705556 0.0109375 0.0259259
0 0.616406 0.462037 0.0109375 0.0259259
0 0.170573 0.0652778 0.0109375 0.025
0 0.304688 0.30463 0.0104167 0.0259259
0 0.953906 0.282407 0.0109375 0.0259259
0 0.994531 0.124537 0.00989583 0.025
0 0.271615 0.491667 0.0109375 0.0259259
0 0.623177 0.0708333 0.0109375 0.025
0 0.267708 0.285185 0.0104167 0.0259259
0 0.779948 0.907407 0.0109375 0.0259259
0 0.880208 0.0125 0.0104167 0.025
