0 0.922656 0.106944 0.0109375 0.025
0 0.344271 0.0611111 0.0104167 0.0240741
0 0.236458 0.891204 0.0104167 0.025
0 0.269792 0.609722 0.0104167 0.025
0 0.0132813 0.291204 0.0109375 0.0268519
0 0.782292 0.0259259 0.0104167 0.0259259
0 0.260156 0.831019 0.0109375 0.025
0 0.888802 0.896296 0.0109375 0.0259259
0 0.561719 0.47037 0.0109375 0.0259259
0 0.969792 0.133796 0.0104167 0.025
0 0.133594 0.881481 0.0109375 0.0259259
0 0.753646 0.826389 0.0104167 0.025
0 0.404948 0.529167 0.0109375 0.025
0 0.645573 0.984259 0.0109375 0.0259259
0 0.229948 0.838426 0.0109375 0.025
0 0.0481771 0.973148 0.0109375 0.0259259
0 0.364323 0.760185 0.0109375 0.0259259
0 0.715365 0.380556 0.0109375 0.0259259
0 0.42474 0.825 0.0109375 0.0259259
0 0.304948 0.551852 0.0109375 0.0259259
