0 0.996615 0.326852 0.00677083 0.0259259
0 0.911979 0.753704 0.0104167 0.0240741
0 0.17474 0.910185 0.00989583 0.0240741
0 0.323177 0.351852 0.0109375 0.0259259
0 0.977344 0.322222 0.0109375 0.0259259
0 0.857031 0.209259 0.0109375 0.0259259
0 0.377083 0.764352 0.0104167 0.025
0 0.701042 0.496759 0.0104167 0.025
0 0.953646 0.554167 0.0104167 0.025
0 0.924479 0.936111 0.0104167 0.0240741
0 0.865885 0.943519 0.0109375 0.0259259
0 0.0299479 0.0453704 0.0109375 0.0259259
0 0.220573 0.891204 0.0109375 0.025
0 0.75651 0.494444 0.0109375 0.0259259
0 0.297135 0.100463 0.0109375 0.025
0 0.967969 0.416667 0.0109375 0.0259259
0 0.605729 0.722685 0.0104167 0.025
0 0.36849 0.0569444 0.0109375 0.025
0 0.989844 0.199537 0.0109375 0.0268519
0 0.929948 0.885648 0.0109375 0.025
0 0.802865 0.037963 0.0109375 0.0259259
