0 0.959635 0.851852 0.0109375 0.0259259
0 0.866146 0.788426 0.0104167 0.025
0 0.14974 0.873611 0.00989583 0.025
0 0.903906 0.788426 0.0109375 0.025
0 0.882812 0.749537 0.0104167 0.025
0 0.856771 0.667593 0.0104167 0.0259259
0 0.59401 0.109722 0.0109375 0.025
0 0.0153646 0.409722 0.00989583 0.025
0 0.934635 0.51713 0.0109375 0.025
0 0.694792 0.1875 0.0104167 0.025
0 0.880729 0.853704 0.0104167 0.0240741
0 0.754687 0.404167 0.0104167 0.025
0 0.427604 0.2125 0.0104167 0.025
0 0.792188 0.0291667 0.0104167 0.025
0 0.0135417 0.0435185 0.0104167 0.0259259
0 0.451042 0.199537 0.0104167 0.025
0 0.0989583 0.012037 0.0104167 0.0240741
0 0.701042 0.940278 0.0104167 0.025
0 0.808073 0.503704 0.0109375 0.0259259
0 0.823177 0.159722 0.0109375 0.025
0 0.554948 0.144444 0.0109375 0.0259259
0 0.176042 0.0263889 0.0104167 0.025
0 0.963281 0.949537 0.0109375 0.0268519
0 0.295573 0.281944 0.0109375 0.025
0 0.736198 0.913889 0.0109375 0.0259259
0 0.498698 0.140278 0.0109375 0.025
0 0.917708 0.460648 0.0104167 0.025
0 0.784115 0.434259 0.0109375 0.0259259
0 0.160938 0.371296 0.0104167 0.0259259
0 0.338021 0.237037 0.0104167 0.0240741
0 0.945052 0.359722 0.0109375 0.025
0 0.802604 0.0921296 0.0104167 0.025
0 0.377865 0.160185 0.0109375 0.0259259
0 0.115104 0.359259 0.0104167 0.0259259
0 0.239583 0.336111 0.0104167 0.0259259
0 0.198437 0.0143519 0.0104167 0.025
0 0.0739583 0.380093 0.0104167 0.025
