0 0.0364583 0.841667 0.0114583 0.0277778
0 0.54974 0.854167 0.00989583 0.025
0 0.575781 0.675463 0.0109375 0.025
0 0.959375 0.680556 0.0114583 0.0277778
0 0.801042 0.986111 0.0104167 0.0240741
0 0.526563 0.875926 0.0104167 0.0240741
0 0.101042 0.598611 0.0104167 0.025
0 0.783594 0.677778 0.0109375 0.0259259
0 0.150781 0.756481 0.0109375 0.0259259
0 0.145573 0.321296 0.0109375 0.0259259
0 0.588281 0.426389 0.0109375 0.0268519
0 0.910677 0.557407 0.0109375 0.0259259
0 0.842188 0.951389 0.0104167 0.025
0 0.03125 0.345833 0.0104167 0.025
0 0.945052 0.527778 0.0109375 0.0259259
0 0.29974 0.673611 0.0109375 0.025
0 0.182031 0.843982 0.0109375 0.0268519
0 0.458333 0.524537 0.0104167 0.025
0 0.829948 0.753704 0.0109375 0.0259259
0 0.15026 0.903704 0.00989583 0.0240741
0 0.705729 0.649074 0.0104167 0.0240741
0 0.0518229 0.42037 0.0109375 0.0259259
0 0.748698 0.693056 0.0109375 0.025
