0 0.828385 0.158796 0.0109375 0.025
0 0.0416667 0.0851852 0.0104167 0.0240741
0 0.738281 0.878704 0.0109375 0.0259259
0 0.807292 0.810648 0.0104167 0.025
0 0.0190104 0.0763889 0.00989583 0.025
0 0.239583 0.0884259 0.0104167 0.025
0 0.00677083 0.128241 0.0104167 0.025
0 0.989323 0.0333333 0.0109375 0.0259259
0 0.635938 0.776389 0.0104167 0.025
0 0.708594 0.185648 0.0109375 0.025
0 0.58099 0.374537 0.0109375 0.025
0 0.276042 0.150463 0.0104167 0.025
0 0.163281 0.343056 0.0109375 0.025
0 0.659375 0.775463 0.0104167 0.025
0 0.0489583 0.196296 0.0104167 0.0259259
0 0.201562 0.621296 0.0104167 0.0259259
0 0.609375 0.7625 0.0104167 0.025
0 0.524219 0.855556 0.0109375 0.0259259
0 0.94974 0.824074 0.0109375 0.0259259
0 0.199479 0.486574 0.0104167 0.025
0 0.113281 0.425926 0.0109375 0.0259259
0 0.93724 0.0296296 0.0109375 0.0259259
0 0.282031 0.841667 0.0109375 0.0259259
0 0.228385 0.600463 0.0109375 0.025
0 0.155208 0.16713 0.0104167 0.025
0 0.0171875 0.629167 0.0104167 0.025
0 0.55599 0.927778 0.0109375 0.0259259
0 0.929688 0.487963 0.0104167 0.0240741
0 0.0289063 0.133333 0.00989583 0.0240741
0 0.798698 0.70787 0.0109375 0.025
0 0.0627604 0.712037 0.0109375 0.0259259
0 0.120573 0.037963 0.0109375 0.0259259
0 0.621354 0.614352 0.0104167 0.025
0 0.28151 0.970833 0.0109375 0.025
0 0.43776 0.951389 0.0109375 0.025
0 0.924219 0.574537 0.0109375 0.025
0 0.698698 0.442593 0.0109375 0.0259259
0 0.135156 0.348148 0.0109375 0.0259259
0 0.0903646 0.691204 0.0109375 0.025
0 0.926823 0.849537 0.0109375 0.025
0 0.0213542 0.456944 0.0104167 0.025
0 0.0627604 0.595833 0.0109375 0.025
0 0.215365 0.711111 0.0109375 0.0259259
0 0.653906 0.305556 0.0109375 0.0259259
0 0.244531 0.686574 0.0109375 0.025
0 0.267969 0.777778 0.0109375 0.0259259
0 0.878385 0.374074 0.0109375 0.0259259
0 0.578125 0.885648 0.0104167 0.025
0 0.893229 0.517593 0.0104167 0.0240741
0 0.119531 0.969907 0.0109375 0.025
0 0.127344 0.868519 0.0109375 0.0259259
0 0.666146 0.638426 0.0104167 0.025
0 0.652865 0.423148 0.0109375 0.0259259
0 0.655208 0.709259 0.0104167 0.0240741
0 0.679427 0.0638889 0.0109375 0.0259259
