0 0.978125 0.987963 0.0104167 0.0240741
0 0.966146 0.341667 0.0104167 0.0259259
0 0.804427 0.940741 0.0109375 0.0259259
0 0.826563 0.949074 0.0104167 0.0259259
0 0.167187 0.899537 0.0104167 0.025
0 0.884635 0.949537 0.0109375 0.025
0 0.205729 0.0634259 0.0104167 0.025
0 0.436719 0.986574 0.00989583 0.025
0 0.972656 0.381481 0.0109375 0.0259259
0 0.442448 0.916204 0.0109375 0.025
0 0.620052 0.897222 0.0109375 0.0259259
0 0.798177 0.793519 0.0109375 0.0259259
0 0.2 0.918981 0.0104167 0.025
0 0.0161458 0.0953704 0.0104167 0.0240741
0 0.0630208 0.864815 0.0104167 0.0240741
0 0.413281 0.912963 0.0109375 0.0259259
0 0.492969 0.778704 0.0109375 0.0259259
0 0.272656 0.681481 0.0109375 0.0259259
0 0.299219 0.837037 0.0109375 0.0259259
0 0.0643229 0.915278 0.0109375 0.0268519
0 0.707552 0.911111 0.0109375 0.0259259
0 0.592708 0.934722 0.0104167 0.025
0 0.85599 0.960648 0.0109375 0.025
