0 0.96875 0.440278 0.0104167 0.025
0 0.471094 0.563889 0.0109375 0.0259259
0 0.606771 0.931481 0.0104167 0.0259259
0 0.773698 0.675926 0.0109375 0.0259259
0 0.719531 0.912963 0.00989583 0.0240741
0 0.65651 0.280556 0.0109375 0.0259259
0 0.510677 0.814815 0.00989583 0.0240741
0 0.251823 0.0541667 0.0109375 0.0268519
0 0.260156 0.162963 0.0109375 0.0259259
0 0.43099 0.366204 0.0109375 0.025
0 0.38125 0.939815 0.0104167 0.0240741
0 0.317448 0.379167 0.0109375 0.025
0 0.783594 0.768519 0.0109375 0.0259259
0 0.690885 0.936111 0.0109375 0.0259259
0 0.898698 0.323148 0.0109375 0.0259259
0 0.0986979 0.0546296 0.0109375 0.0259259
0 0.516927 0.88287 0.0109375 0.025
