0 0.00260417 0.724074 0.00520833 0.0259259
0 0.0739583 0.686574 0.0104167 0.025
0 0.98151 0.973611 0.0109375 0.025
0 0.557292 0.209259 0.0104167 0.0259259
0 0.149219 0.683333 0.0109375 0.0259259
0 0.484896 0.606944 0.0104167 0.025
0 0.465625 0.0171296 0.0104167 0.025
0 0.946615 0.291667 0.0109375 0.0259259
0 0.511719 0.466667 0.0109375 0.0259259
0 0.707552 0.737037 0.0109375 0.0259259
0 0.0953125 0.693056 0.0104167 0.025
0 0.43724 0.861111 0.0109375 0.0259259
0 0.68776 0.885185 0.0109375 0.0259259
0 0.509635 0.906482 0.0109375 0.0259259
0 0.146615 0.20463 0.0109375 0.0259259
0 0.0872396 0.175926 0.0109375 0.0259259
0 0.419531 0.103704 0.0109375 0.0259259
0 0.529948 0.368519 0.0109375 0.0259259
0 0.528906 0.145833 0.0109375 0.025
0 0.0354167 0.724074 0.0104167 0.0259259
0 0.0763021 0.451389 0.0109375 0.025
0 0.477083 0.194907 0.0104167 0.025
0 0.504687 0.50463 0.0104167 0.0259259
0 0.453906 0.773148 0.0109375 0.0259259
0 0.35026 0.469444 0.0109375 0.0259259
