0 0.786198 0.0546296 0.0109375 0.0259259
0 0.807292 0.0689815 0.0104167 0.025
0 0.301302 0.0416667 0.0109375 0.0259259
0 0.233333 0.610648 0.0114583 0.0268519
0 0.0432292 0.955093 0.0114583 0.0268519
0 0.667969 0.963889 0.0109375 0.0259259
0 0.246615 0.552778 0.0109375 0.0259259
0 0.704167 0.66713 0.0104167 0.025
0 0.673698 0.883333 0.0109375 0.0259259
0 0.16901 0.565278 0.0109375 0.025
0 0.709635 0.585185 0.0109375 0.0259259
0 0.613021 0.905556 0.0104167 0.0259259
0 0.730469 0.278704 0.0109375 0.0259259
0 0.836458 0.191667 0.0104167 0.0259259
0 0.365365 0.0601852 0.0109375 0.0259259
0 0.745573 0.911111 0.0109375 0.0259259
0 0.676302 0.647222 0.0109375 0.0259259
