0 0.241146 0.19213 0.0114583 0.0268519
0 0.352344 0.34537 0.0109375 0.0259259
0 0.713281 0.802315 0.0109375 0.025
0 0.610417 0.585185 0.0114583 0.0259259
0 0.764323 0.946296 0.0109375 0.0259259
0 0.361979 0.0763889 0.0104167 0.025
0 0.0195312 0.452315 0.0109375 0.025
0 0.352344 0.305093 0.0109375 0.025
0 0.352865 0.208333 0.0109375 0.0259259
0 0.345052 0.506481 0.0109375 0.0259259
0 0.223698 0.732407 0.0109375 0.0259259
0 0.330469 0.950926 0.0109375 0.0259259
0 0.73099 0.720833 0.0109375 0.025
0 0.355208 0.393519 0.0104167 0.0259259
0 0.343229 0.801389 0.0114583 0.0268519
0 0.160938 0.0347222 0.0104167 0.025
0 0.0880208 0.689815 0.0104167 0.0259259
0 0.359635 0.57963 0.0109375 0.0259259
0 0.329167 0.578704 0.0104167 0.0259259
