0 0.996875 0.611111 0.00625 0.0277778
0 0.471354 0.0162037 0.0104167 0.025
0 0.513802 0.953241 0.00989583 0.025
0 0.570052 0.721759 0.0109375 0.025
0 0.339844 0.322685 0.0109375 0.025
0 0.594792 0.487963 0.0104167 0.0259259
0 0.724219 0.910185 0.0109375 0.0259259
0 0.522656 0.122222 0.00989583 0.0240741
0 0.174479 0.743056 0.0104167 0.025
0 0.616406 0.466204 0.0109375 0.025
0 0.73724 0.512037 0.0109375 0.0259259
0 0.74974 0.956481 0.0109375 0.0259259
0 0.317448 0.313889 0.0109375 0.0259259
0 0.551042 0.956019 0.0104167 0.025
0 0.665365 0.767593 0.0109375 0.0259259
0 0.765365 0.806019 0.0109375 0.0268519
0 0.125521 0.325926 0.0104167 0.0240741
0 0.306771 0.0347222 0.0104167 0.025
0 0.484635 0.424074 0.0109375 0.0259259
0 0.0789063 0.856019 0.0109375 0.025
0 0.710677 0.503241 0.0109375 0.0268519
0 0.213281 0.736574 0.0109375 0.025
0 0.851823 0.975 0.0109375 0.0259259
0 0.964323 0.596759 0.0109375 0.025
0 0.298177 0.106019 0.0109375 0.025
0 0.39401 0.837963 0.0109375 0.0259259
0 0.159635 0.380556 0.0109375 0.0259259
0 0.0153646 0.67037 0.0109375 0.0259259
0 0.278906 0.439352 0.0109375 0.025
0 0.248437 0.823148 0.0104167 0.0240741
0 0.676823 0.934722 0.0109375 0.025
0 0.198177 0.390278 0.0109375 0.0268519
