0 0.00338542 0.0240741 0.00572917 0.0259259
0 0.834896 0.351852 0.0104167 0.0240741
0 0.241927 0.387963 0.0109375 0.0259259
0 0.165885 0.699537 0.0109375 0.025
0 0.846615 0.184722 0.00989583 0.025
0 0.335156 0.519444 0.0109375 0.0259259
0 0.283333 0.562037 0.0104167 0.0259259
0 0.89375 0.76713 0.0104167 0.025
0 0.530729 0.853704 0.0104167 0.0240741
0 0.23151 0.948611 0.0109375 0.025
0 0.686719 0.651389 0.0109375 0.025
0 0.650781 0.588426 0.0109375 0.025
0 0.15026 0.6 0.0109375 0.0259259
0 0.730208 0.0523148 0.0104167 0.025
0 0.658073 0.313889 0.0109375 0.0259259
0 0.845573 0.314815 0.0109375 0.0259259
0 0.660156 0.894444 0.0109375 0.0259259
0 0.671094 0.511111 0.0109375 0.0259259
0 0.373958 0.866204 0.0104167 0.025
0 0.818229 0.76713 0.0104167 0.025
0 0.597656 0.971759 0.0109375 0.025
0 0.0554687 0.249074 0.0109375 0.0259259
0 0.80599 0.832407 0.0109375 0.0259259
0 0.817708 0.606944 0.0104167 0.025
0 0.245052 0.258796 0.0109375 0.025
0 0.733073 0.190741 0.0109375 0.0259259
0 0.0955729 0.414815 0.00989583 0.0240741
0 0.35026 0.580093 0.0109375 0.025
0 0.944792 0.501852 0.0104167 0.0259259
0 0.198177 0.810185 0.0109375 0.0259259
0 0.463281 0.182407 0.0109375 0.0259259
0 0.385677 0.725926 0.0109375 0.0259259
0 0.852083 0.0606481 0.0104167 0.025
0 0.785677 0.971759 0.0109375 0.025
0 0.664844 0.137037 0.0109375 0.0259259
0 0.945312 0.982407 0.0104167 0.0240741
0 0.817708 0.45787 0.0104167 0.025
0 0.422396 0.0236111 0.0104167 0.025
0 0.164844 0.0856481 0.0109375 0.025
0 0.117708 0.503704 0.0104167 0.0259259
0 0.817448 0.504167 0.0109375 0.025
0 0.795573 0.881944 0.0109375 0.025
