0 0.00286458 0.0722222 0.00572917 0.0277778
0 0.250521 0.472222 0.0104167 0.0240741
0 0.322396 0.672685 0.0104167 0.025
0 0.234635 0.431944 0.0109375 0.0268519
0 0.191667 0.696759 0.0114583 0.0268519
0 0.857813 0.890278 0.0104167 0.025
0 0.292969 0.57963 0.0109375 0.0259259
0 0.35651 0.718056 0.0109375 0.025
0 0.185677 0.306944 0.0109375 0.025
0 0.161979 0.248611 0.0104167 0.025
0 0.871615 0.668519 0.0109375 0.0259259
0 0.104167 0.103241 0.0104167 0.025
0 0.81901 0.115741 0.0109375 0.0259259
0 0.576823 0.201852 0.0109375 0.0259259
