0 0.202083 0.537963 0.0104167 0.0240741
0 0.982552 0.0199074 0.0109375 0.0268519
0 0.0710938 0.649537 0.0109375 0.025
0 0.608073 0.852778 0.0109375 0.0259259
0 0.933073 0.664815 0.0109375 0.0259259
0 0.13776 0.641204 0.0109375 0.025
0 0.70625 0.226852 0.0104167 0.0259259
0 0.138802 0.37963 0.0109375 0.0259259
0 0.945573 0.551852 0.0109375 0.0259259
0 0.79401 0.392593 0.0109375 0.0259259
0 0.49401 0.784259 0.0109375 0.0259259
0 0.142708 0.692593 0.0104167 0.0240741
0 0.00859375 0.732407 0.0109375 0.0259259
0 0.676823 0.398148 0.0109375 0.0259259
0 0.56901 0.915741 0.0109375 0.0259259
0 0.255208 0.171296 0.0104167 0.0259259
0 0.441927 0.839815 0.0109375 0.0259259
0 0.754167 0.256944 0.0104167 0.025
0 0.970573 0.584722 0.0109375 0.025
0 0.39401 0.0592593 0.0109375 0.0259259
0 0.623438 0.0708333 0.0104167 0.025
0 0.203906 0.712037 0.00989583 0.0240741
0 0.402344 0.730093 0.0109375 0.0268519
0 0.395573 0.217593 0.0109375 0.0259259
0 0.913802 0.625926 0.0109375 0.0259259
0 0.401302 0.806019 0.0109375 0.025
0 0.875781 0.71713 0.0109375 0.0268519
0 0.198177 0.394444 0.0109375 0.0259259
0 0.173958 0.270833 0.0104167 0.025
