0 0.00364583 0.663426 0.00729167 0.025
0 0.452344 0.0125 0.0109375 0.025
0 0.131771 0.953241 0.0104167 0.025
0 0.469792 0.743056 0.0104167 0.025
0 0.29375 0.869444 0.0104167 0.0259259
0 0.703646 0.690278 0.0104167 0.025
0 0.488542 0.609722 0.0104167 0.025
0 0.0408854 0.585185 0.0109375 0.0259259
0 0.176823 0.552778 0.0109375 0.0259259
0 0.245573 0.769907 0.0109375 0.025
0 0.447917 0.65 0.0104167 0.0240741
0 0.0398437 0.340278 0.0109375 0.025
0 0.561719 0.0398148 0.0109375 0.0259259
0 0.0424479 0.720833 0.0109375 0.025
0 0.620573 0.537963 0.0109375 0.0259259
0 0.556771 0.602778 0.0104167 0.0259259
0 0.857292 0.486111 0.0104167 0.0240741
0 0.733073 0.715278 0.0109375 0.025
0 0.151042 0.525926 0.0104167 0.0240741
0 0.445052 0.188889 0.0109375 0.0259259
0 0.567448 0.645833 0.0109375 0.025
0 0.41901 0.934259 0.0109375 0.0259259
0 0.109115 0.965278 0.0109375 0.025
0 0.530729 0.463426 0.0104167 0.025
0 0.0820312 0.956481 0.0109375 0.0259259
0 0.73724 0.910185 0.0109375 0.0259259
0 0.314844 0.943056 0.0109375 0.025
0 0.498958 0.497685 0.0104167 0.025
0 0.703125 0.564352 0.0104167 0.025
0 0.392188 0.544907 0.0104167 0.025
0 0.754167 0.818056 0.0104167 0.025
0 0.0653646 0.894907 0.0109375 0.0268519
0 0.360417 0.902778 0.0104167 0.0259259
0 0.255208 0.810648 0.0104167 0.025
0 0.514063 0.756944 0.0104167 0.025
0 0.0492188 0.242593 0.0109375 0.0259259
0 0.396094 0.815278 0.0109375 0.025
0 0.29974 0.78287 0.0109375 0.0268519
0 0.652083 0.550463 0.0104167 0.025
0 0.659115 0.587963 0.0109375 0.0259259
0 0.521615 0.57037 0.00989583 0.0240741
0 0.48724 0.398148 0.0109375 0.0259259
0 0.0101562 0.57037 0.0109375 0.0259259
0 0.0924479 0.902778 0.0109375 0.0259259
0 0.715885 0.627315 0.00989583 0.025
0 0.623698 0.135185 0.0109375 0.0259259
0 0.63776 0.200926 0.0109375 0.0259259
0 0.665885 0.334259 0.0109375 0.0259259
0 0.72474 0.101389 0.0109375 0.025
0 0.567708 0.866204 0.0114583 0.0268519
