0 0.501823 0.972222 0.00989583 0.0240741
0 0.490625 0.729167 0.0104167 0.025
0 0.769531 0.476389 0.0109375 0.025
0 0.547917 0.806019 0.0104167 0.025
0 0.416406 0.607407 0.0109375 0.0259259
0 0.0557292 0.697685 0.0104167 0.025
0 0.110156 0.896296 0.0109375 0.0259259
0 0.461458 0.44537 0.0104167 0.0240741
0 0.344271 0.288426 0.0104167 0.025
0 0.43151 0.357407 0.0109375 0.0259259
0 0.533073 0.844907 0.0109375 0.025
0 0.0367187 0.6 0.0109375 0.0259259
0 0.36276 0.131481 0.0109375 0.0259259
0 0.814583 0.644907 0.0104167 0.025
0 0.0617188 0.77037 0.0109375 0.0259259
0 0.385938 0.222222 0.0104167 0.0240741
0 0.483333 0.600926 0.0104167 0.0259259
0 0.527344 0.702778 0.0109375 0.0259259
0 0.604948 0.213426 0.00989583 0.025
0 0.355208 0.777315 0.0104167 0.025
