0 0.101302 0.0189815 0.0109375 0.0268519
0 0.0882813 0.248148 0.0109375 0.0259259
0 0.207031 0.196296 0.0109375 0.0259259
0 0.469531 0.0402778 0.00989583 0.025
0 0.536458 0.0976852 0.0104167 0.025
0 0.724219 0.144907 0.0109375 0.025
0 0.757292 0.153704 0.0104167 0.0259259
0 0.797917 0.219907 0.0104167 0.025
0 0.89401 0.211111 0.0109375 0.0259259
0 0.577344 0.0694444 0.0109375 0.0259259
0 0.46276 0.148611 0.0109375 0.025
0 0.471875 0.868056 0.0104167 0.025
0 0.696875 0.778241 0.0104167 0.025
0 0.136458 0.168519 0.0104167 0.0259259
0 0.764844 0.0814815 0.0109375 0.0259259
0 0.854167 0.419907 0.0104167 0.025
