0 0.714583 0.987963 0.0104167 0.0240741
0 0.50026 0.455556 0.0109375 0.0259259
0 0.416406 0.563426 0.0109375 0.025
0 0.488281 0.386574 0.0109375 0.025
0 0.0341146 0.575463 0.00989583 0.025
0 0.615365 0.351852 0.0109375 0.0259259
0 0.276563 0.274074 0.0104167 0.0240741
0 0.763802 0.440278 0.0109375 0.025
0 0.0947917 0.13287 0.0104167 0.025
0 0.248437 0.665278 0.0104167 0.025
0 0.948177 0.651852 0.0109375 0.0259259
0 0.969792 0.561111 0.0104167 0.0259259
0 0.882552 0.59537 0.0109375 0.0259259
0 0.370052 0.217593 0.0109375 0.0259259
0 0.497135 0.668056 0.0109375 0.025
0 0.930469 0.742593 0.0109375 0.0259259
0 0.361979 0.518981 0.0104167 0.025
0 0.284115 0.125926 0.0109375 0.0259259
0 0.276563 0.73287 0.0104167 0.025
0 0.49401 0.501852 0.0109375 0.0259259
0 0.630208 0.940741 0.0104167 0.0259259
0 0.516406 0.872685 0.0109375 0.025
0 0.392448 0.221296 0.0109375 0.0259259
0 0.613281 0.827778 0.0109375 0.0259259
0 0.710156 0.887963 0.00989583 0.0240741
0 0.358073 0.752778 0.0109375 0.0259259
0 0.533854 0.756481 0.0104167 0.0259259
0 0.164323 0.599074 0.0109375 0.0259259
0 0.509375 0.576852 0.0104167 0.0259259
0 0.304427 0.748611 0.0109375 0.025
0 0.0664062 0.596296 0.0109375 0.0259259
0 0.679948 0.967593 0.0109375 0.0259259
0 0.241406 0.710648 0.0109375 0.0268519
0 0.429427 0.798148 0.0109375 0.0259259
