0 0.27526 0.811111 0.0109375 0.0259259
0 0.114323 0.768519 0.0109375 0.0259259
0 0.982813 0.303241 0.0104167 0.025
0 0.93151 0.326852 0.0109375 0.0259259
0 0.682552 0.582407 0.00989583 0.0240741
0 0.663542 0.675463 0.0104167 0.025
0 0.903646 0.731944 0.0114583 0.0268519
0 0.828385 0.114815 0.0109375 0.0259259
0 0.0867188 0.780556 0.0109375 0.0259259
0 0.395052 0.7875 0.0109375 0.025
0 0.00572917 0.274074 0.0104167 0.0259259
0 0.0351562 0.541204 0.00989583 0.025
0 0.0833333 0.9625 0.0104167 0.025
0 0.561719 0.533333 0.0109375 0.0259259
0 0.408073 0.274537 0.0109375 0.0268519
0 0.440365 0.202778 0.0109375 0.0259259
0 0.0252604 0.443519 0.0109375 0.0259259
0 0.495833 0.772222 0.0104167 0.0259259
0 0.210156 0.65 0.0109375 0.0259259
0 0.514063 0.473148 0.0104167 0.0240741
0 0.967708 0.0939815 0.0104167 0.025
0 0.48099 0.415741 0.0109375 0.0259259
0 0.123177 0.597685 0.0109375 0.025
0 0.20599 0.46713 0.0109375 0.025
0 0.220313 0.326389 0.0104167 0.025
0 0.141927 0.552315 0.0109375 0.025
0 0.105208 0.428241 0.0104167 0.025
0 0.0182292 0.881019 0.0104167 0.025
0 0.46849 0.321296 0.0109375 0.0259259
0 0.040625 0.869907 0.0104167 0.025
0 0.0888021 0.840278 0.0109375 0.025
0 0.314844 0.512963 0.0109375 0.0259259
0 0.366146 0.106944 0.0104167 0.025
0 0.297656 0.0356481 0.0109375 0.025
0 0.426302 0.315741 0.0109375 0.0259259
0 0.0388021 0.306944 0.0109375 0.025
