0 0.127344 0.75463 0.00989583 0.0240741
0 0.752865 0.787963 0.0109375 0.0259259
0 0.98151 0.710185 0.0109375 0.0259259
0 0.195052 0.277778 0.0109375 0.0259259
0 0.533073 0.541204 0.0109375 0.025
0 0.727344 0.811111 0.0109375 0.0259259
0 0.0135417 0.640278 0.0104167 0.025
0 0.394531 0.933333 0.0109375 0.0259259
0 0.983073 0.508333 0.0109375 0.0259259
0 0.521354 0.871759 0.0104167 0.025
0 0.863802 0.519444 0.0109375 0.0259259
0 0.121615 0.460648 0.0109375 0.025
0 0.0299479 0.0259259 0.0109375 0.0259259
0 0.639583 0.509722 0.0104167 0.025
0 0.980469 0.448148 0.0109375 0.0259259
0 0.421094 0.941204 0.0109375 0.025
0 0.854688 0.26713 0.0104167 0.025
0 0.0940104 0.270833 0.0109375 0.025
0 0.760156 0.861111 0.0109375 0.0259259
0 0.685938 0.647685 0.0104167 0.025
0 0.642708 0.665741 0.0114583 0.0259259
0 0.79401 0.547222 0.0109375 0.0259259
0 0.493229 0.380556 0.0104167 0.0259259
0 0.73099 0.259722 0.0109375 0.025
0 0.949479 0.537963 0.0104167 0.0259259
0 0.123177 0.379167 0.0109375 0.025
0 0.615365 0.749074 0.0109375 0.0259259
0 0.586198 0.690278 0.0109375 0.025
0 0.550781 0.771759 0.0109375 0.025
0 0.761719 0.925 0.0109375 0.0259259
