0 0.516146 0.493519 0.0104167 0.0240741
0 0.310156 0.798148 0.0109375 0.0259259
0 0.484115 0.673611 0.0109375 0.025
0 0.246354 0.760648 0.0104167 0.025
0 0.619531 0.335185 0.00989583 0.0240741
0 0.433594 0.393981 0.0109375 0.025
0 0.389323 0.475 0.0109375 0.0259259
0 0.102083 0.917593 0.0104167 0.0240741
0 0.734635 0.0949074 0.0109375 0.025
0 0.448177 0.817593 0.0109375 0.0259259
0 0.470052 0.912963 0.0109375 0.0259259
0 0.569792 0.41713 0.0104167 0.025
0 0.659375 0.0402778 0.0104167 0.025
0 0.455469 0.618519 0.0109375 0.0259259
0 0.751302 0.133333 0.00989583 0.0240741
0 0.147135 0.865278 0.0109375 0.025
0 0.280208 0.891667 0.0104167 0.0259259
0 0.248698 0.660648 0.0109375 0.025
0 0.66224 0.282407 0.0109375 0.0259259
0 0.452083 0.0393519 0.0104167 0.025
0 0.953385 0.265741 0.0109375 0.0259259
0 0.967448 0.0398148 0.0109375 0.0259259
0 0.561458 0.191204 0.0104167 0.025
0 0.726562 0.171296 0.0104167 0.0259259
