0 0.470573 0.38287 0.0109375 0.025
0 0.541927 0.860648 0.0109375 0.025
0 0.766406 0.855556 0.0109375 0.0259259
0 0.523438 0.0560185 0.0104167 0.025
0 0.311719 0.628704 0.0109375 0.0259259
0 0.25651 0.679167 0.0109375 0.025
0 0.39349 0.643056 0.0109375 0.025
0 0.686719 0.916667 0.0109375 0.0259259
0 0.65625 0.741667 0.0104167 0.0240741
0 0.507552 0.0152778 0.0109375 0.025
0 0.6 0.430093 0.0104167 0.025
0 0.0554687 0.653704 0.0109375 0.0259259
0 0.0580729 0.818519 0.0109375 0.0259259
0 0.773958 0.356019 0.0104167 0.025
0 0.573438 0.398611 0.0104167 0.025
0 0.988802 0.910185 0.0109375 0.0259259
0 0.170052 0.306481 0.0109375 0.0259259
0 0.953385 0.81713 0.0109375 0.025
0 0.0382813 0.101852 0.0109375 0.0259259
0 0.564844 0.181481 0.0109375 0.0259259
0 0.726302 0.204167 0.0109375 0.025
0 0.909635 0.701389 0.0109375 0.025
0 0.546354 0.814352 0.0104167 0.025
0 0.70599 0.702778 0.0109375 0.0259259
0 0.0679687 0.327315 0.00989583 0.025
0 0.0666667 0.556019 0.0104167 0.025
0 0.733854 0.104167 0.0104167 0.025
0 0.815365 0.426389 0.0109375 0.025
0 0.592188 0.303241 0.0104167 0.025
0 0.0276042 0.840741 0.0104167 0.0240741
0 0.0658854 0.752778 0.0109375 0.0259259
