0 0.67474 0.166667 0.0109375 0.0259259
0 0.214844 0.379167 0.0109375 0.0268519
0 0.486198 0.54213 0.0109375 0.0268519
0 0.16901 0.669444 0.0109375 0.0259259
0 0.116406 0.276852 0.0109375 0.0259259
0 0.74974 0.283333 0.0109375 0.0259259
0 0.0109375 0.403704 0.0104167 0.0259259
0 0.699219 0.162963 0.0109375 0.0259259
0 0.458594 0.756481 0.0109375 0.0259259
0 0.421615 0.7375 0.0109375 0.025
0 0.30599 0.811111 0.0109375 0.0259259
0 0.26875 0.788426 0.0104167 0.025
0 0.1375 0.652315 0.0104167 0.025
0 0.219792 0.143519 0.0104167 0.0259259
0 0.716667 0.928704 0.0104167 0.0259259
0 0.340885 0.680556 0.0109375 0.0259259
0 0.646615 0.923611 0.0109375 0.025
0 0.184115 0.453704 0.0109375 0.0259259
0 0.0893229 0.512963 0.0109375 0.0259259
0 0.0361979 0.40463 0.0109375 0.0259259
0 0.161719 0.0828704 0.0109375 0.025
