0 0.457292 0.118981 0.0104167 0.025
0 0.230208 0.69537 0.0104167 0.0259259
0 0.196615 0.50787 0.0109375 0.025
0 0.19349 0.752778 0.0109375 0.0259259
0 0.142448 0.739815 0.0109375 0.0259259
0 0.21901 0.282407 0.0109375 0.0240741
0 0.197135 0.886574 0.0109375 0.025
0 0.226042 0.48287 0.0104167 0.025
0 0.252865 0.445833 0.0109375 0.025
0 0.403906 0.530093 0.0109375 0.025
0 0.0976562 0.557407 0.0109375 0.0259259
0 0.252865 0.306944 0.0109375 0.025
0 0.45026 0.169907 0.00989583 0.025
0 0.205469 0.972222 0.0109375 0.0259259
