0 0.283333 0.963889 0.0104167 0.0259259
0 0.969792 0.337963 0.0104167 0.0259259
0 0.38125 0.795833 0.0104167 0.025
0 0.0309896 0.596759 0.0109375 0.025
0 0.0658854 0.610185 0.0109375 0.0259259
0 0.403646 0.586574 0.0104167 0.025
0 0.832552 0.428704 0.0109375 0.0259259
0 0.204948 0.606481 0.0109375 0.0259259
0 0.929688 0.210648 0.0104167 0.025
0 0.24375 0.440278 0.0104167 0.025
0 0.898698 0.574074 0.0109375 0.0259259
0 0.53151 0.922685 0.0109375 0.025
0 0.88724 0.954167 0.0109375 0.025
0 0.733073 0.97037 0.0109375 0.0259259
0 0.885156 0.0537037 0.0109375 0.0259259
0 0.246094 0.811111 0.0109375 0.0259259
0 0.939583 0.351389 0.0104167 0.025
0 0.590365 0.874537 0.0109375 0.025
0 0.483594 0.777778 0.0109375 0.0259259
0 0.311458 0.941204 0.0104167 0.025
0 0.602604 0.693981 0.0104167 0.025
0 0.425 0.399074 0.0104167 0.0240741
0 0.435937 0.473148 0.0104167 0.0240741
0 0.654167 0.433796 0.0104167 0.025
0 0.758073 0.570833 0.0109375 0.0268519
0 0.904948 0.250926 0.0109375 0.0259259
0 0.646354 0.693519 0.0104167 0.0240741
0 0.469792 0.331944 0.0104167 0.025
0 0.865885 0.762963 0.0109375 0.0259259
0 0.535937 0.588889 0.0104167 0.0240741
0 0.909635 0.0486111 0.0109375 0.0268519
0 0.758073 0.775463 0.0109375 0.0268519
0 0.822917 0.263426 0.0104167 0.025
0 0.873958 0.284722 0.0104167 0.025
0 0.686458 0.381019 0.0104167 0.025
0 0.406771 0.902315 0.0104167 0.025
0 0.871354 0.675463 0.0104167 0.025
0 0.851823 0.813889 0.0109375 0.0259259
0 0.742448 0.240741 0.00989583 0.0240741
0 0.815625 0.062963 0.0104167 0.0240741
0 0.875521 0.613426 0.0104167 0.025
0 0.374219 0.513889 0.0109375 0.0259259
0 0.597656 0.589815 0.0109375 0.0259259
0 0.622135 0.201852 0.0109375 0.0277778
0 0.54349 0.681019 0.0109375 0.025
0 0.878385 0.509259 0.0109375 0.0259259
0 0.585156 0.648148 0.0109375 0.0259259
0 0.394792 0.6875 0.0104167 0.025
0 0.952344 0.133796 0.0109375 0.025
0 0.63776 0.749074 0.0109375 0.0259259
0 0.779688 0.156481 0.0104167 0.0259259
0 0.611198 0.480556 0.0109375 0.0259259
