0 0.840885 0.910185 0.0109375 0.0259259
0 0.65651 0.332407 0.0109375 0.0259259
0 0.927083 0.0958333 0.0104167 0.025
0 0.34349 0.198148 0.00989583 0.0240741
0 0.358594 0.050463 0.0109375 0.025
0 0.935938 0.0421296 0.0104167 0.025
0 0.434896 0.173611 0.0104167 0.025
0 0.384635 0.741667 0.0109375 0.0259259
0 0.354688 0.0986111 0.0104167 0.025
0 0.772656 0.381481 0.0109375 0.0259259
0 0.246615 0.0314815 0.0109375 0.0259259
0 0.386719 0.639815 0.0109375 0.0259259
0 0.958594 0.219444 0.0109375 0.0259259
0 0.944531 0.333796 0.0109375 0.025
0 0.848437 0.0222222 0.0104167 0.0240741
0 0.29974 0.0712963 0.0109375 0.0259259
0 0.414583 0.759259 0.0104167 0.0259259
0 0.297656 0.178241 0.0109375 0.025
0 0.10651 0.514815 0.0109375 0.0259259
0 0.927083 0.246759 0.0104167 0.025
0 0.854688 0.4375 0.0104167 0.025
0 0.516146 0.218056 0.0104167 0.025
