0 0.996094 0.791204 0.0078125 0.0268519
0 0.66224 0.143981 0.00989583 0.025
0 0.176563 0.789815 0.0104167 0.0259259
0 0.358073 0.926389 0.0109375 0.0268519
0 0.120833 0.0546296 0.0104167 0.0240741
0 0.204948 0.808333 0.0109375 0.0259259
0 0.694531 0.0481481 0.0109375 0.0259259
0 0.68724 0.156481 0.0109375 0.0259259
0 0.126302 0.811574 0.0109375 0.025
0 0.630469 0.632407 0.0109375 0.0259259
0 0.883073 0.0962963 0.0109375 0.0259259
0 0.498958 0.640278 0.0104167 0.025
0 0.00572917 0.245833 0.0104167 0.025
0 0.113542 0.400926 0.0104167 0.0259259
0 0.483854 0.730093 0.0104167 0.025
0 0.451562 0.918981 0.0104167 0.025
0 0.432552 0.969444 0.0109375 0.0259259
0 0.908594 0.239815 0.0109375 0.0259259
0 0.0731771 0.786111 0.0109375 0.0259259
0 0.0432292 0.7625 0.0104167 0.025
0 0.954427 0.803704 0.0109375 0.0259259
0 0.238802 0.976389 0.0109375 0.0268519
0 0.928906 0.331019 0.0109375 0.025
0 0.475781 0.546759 0.0109375 0.025
0 0.247656 0.389815 0.0109375 0.0259259
0 0.125781 0.90787 0.0109375 0.025
