0 0.0372396 0.255556 0.0109375 0.0259259
0 0.995573 0.3 0.00885417 0.0259259
0 0.910156 0.05 0.0109375 0.0259259
0 0.93151 0.333333 0.0109375 0.0259259
0 0.66276 0.33287 0.0109375 0.0268519
0 0.384635 0.384722 0.0109375 0.025
0 0.588281 0.575463 0.0109375 0.025
0 0.793229 0.918519 0.0104167 0.0240741
0 0.776563 0.652315 0.0104167 0.025
0 0.414323 0.766204 0.0109375 0.0268519
0 0.779948 0.52963 0.0109375 0.0259259
0 0.16849 0.622222 0.0109375 0.0259259
0 0.963281 0.334259 0.0109375 0.0259259
0 0.329948 0.715741 0.0109375 0.0259259
0 0.916406 0.262037 0.0109375 0.0259259
0 0.814583 0.554167 0.0104167 0.025
0 0.121875 0.985648 0.0104167 0.025
0 0.860417 0.290278 0.0104167 0.025
0 0.829167 0.469444 0.0104167 0.0259259
