0 0.997396 0.101389 0.00520833 0.0268519
0 0.608333 0.431481 0.0104167 0.0240741
0 0.59974 0.855093 0.0109375 0.025
0 0.795573 0.452778 0.0109375 0.0259259
0 0.967448 0.787963 0.0109375 0.0259259
0 0.540885 0.720833 0.0109375 0.025
0 0.947135 0.0824074 0.0109375 0.0259259
0 0.449219 0.392593 0.0109375 0.0259259
0 0.0815104 0.590278 0.0109375 0.0268519
0 0.557292 0.578704 0.0104167 0.0240741
0 0.446875 0.599537 0.0104167 0.025
0 0.244271 0.202315 0.0104167 0.025
0 0.928906 0.0300926 0.0109375 0.025
0 0.36901 0.797222 0.0109375 0.0259259
0 0.23151 0.462037 0.0109375 0.0259259
0 0.0783854 0.409722 0.0109375 0.025
0 0.283854 0.25 0.0104167 0.0259259
0 0.18099 0.50463 0.0109375 0.0259259
0 0.803125 0.643519 0.0104167 0.0259259
0 0.270573 0.143981 0.0109375 0.025
0 0.582292 0.150926 0.0104167 0.0240741
0 0.201823 0.664815 0.0109375 0.0259259
0 0.33151 0.937037 0.0109375 0.0259259
0 0.586979 0.10463 0.0104167 0.0240741
0 0.460417 0.278241 0.0104167 0.025
0 0.620052 0.64537 0.0109375 0.0259259
0 0.0544271 0.0425926 0.0109375 0.0259259
0 0.609635 0.787037 0.0109375 0.0259259
0 0.168229 0.141204 0.0104167 0.025
0 0.904688 0.593056 0.0104167 0.025
0 0.841146 0.634259 0.0104167 0.0240741
0 0.438281 0.105093 0.0109375 0.025
0 0.10599 0.457407 0.0109375 0.0259259
0 0.957031 0.122222 0.0109375 0.0259259
0 0.15599 0.0763889 0.0109375 0.025
0 0.329167 0.223611 0.0104167 0.025
0 0.597917 0.0509259 0.0104167 0.0240741
0 0.367969 0.913426 0.0109375 0.025
0 0.692708 0.822685 0.0104167 0.025
0 0.598698 0.90463 0.0109375 0.0259259
0 0.626042 0.534722 0.0104167 0.025
0 0.466406 0.174074 0.0109375 0.0259259
0 0.244792 0.0643518 0.0104167 0.025
0 0.925781 0.450926 0.0109375 0.0259259
0 0.430208 0.681019 0.0104167 0.025
0 0.439323 0.525 0.0109375 0.0259259
