0 0.217448 0.0953704 0.0119792 0.0277778
0 0.989062 0.698611 0.0114583 0.0268519
0 0.0815104 0.687963 0.0109375 0.0259259
0 0.544792 0.853704 0.0104167 0.0259259
0 0.268229 0.0314815 0.0104167 0.0240741
0 0.318229 0.596759 0.0104167 0.025
0 0.342708 0.898611 0.0104167 0.025
0 0.929948 0.428704 0.0109375 0.0259259
0 0.995052 0.770833 0.00989583 0.025
0 0.0710938 0.362963 0.00989583 0.0240741
0 0.15026 0.962963 0.0109375 0.0259259
0 0.284635 0.239815 0.0109375 0.0259259
0 0.926042 0.618056 0.0104167 0.025
0 0.0846354 0.419907 0.0109375 0.025
0 0.280469 0.0777778 0.0109375 0.0259259
0 0.183854 0.781944 0.0104167 0.025
0 0.177344 0.696759 0.0109375 0.025
0 0.311198 0.494444 0.0109375 0.0259259
0 0.347917 0.960648 0.0104167 0.025
0 0.0846354 0.60787 0.0109375 0.025
0 0.847135 0.157407 0.0109375 0.0259259
0 0.333854 0.0810185 0.0104167 0.025
0 0.20599 0.782407 0.0109375 0.0259259
0 0.148177 0.273148 0.0109375 0.0259259
0 0.107552 0.687963 0.0109375 0.0259259
0 0.0552083 0.109259 0.0104167 0.0240741
0 0.0989583 0.825 0.0104167 0.0259259
0 0.808854 0.545833 0.0104167 0.025
0 0.134635 0.597222 0.0109375 0.0259259
0 0.453385 0.507407 0.0109375 0.0259259
0 0.326042 0.706944 0.0104167 0.025
0 0.970052 0.6 0.0109375 0.0259259
0 0.123958 0.4375 0.0104167 0.025
0 0.144531 0.752315 0.0109375 0.025
0 0.28151 0.193519 0.0109375 0.0259259
0 0.126302 0.137963 0.0109375 0.0259259
