0 0.0492188 0.303704 0.0109375 0.0259259
0 0.0346354 0.0939815 0.0109375 0.025
0 0.994792 0.301852 0.009375 0.0240741
0 0.984635 0.531482 0.0109375 0.0259259
0 0.0690104 0.355556 0.0109375 0.0259259
0 0.966146 0.419907 0.0104167 0.025
0 0.550781 0.356481 0.0109375 0.0259259
0 0.858594 0.27037 0.0109375 0.0259259
0 0.941406 0.166667 0.0109375 0.0259259
0 0.548177 0.643056 0.0109375 0.025
0 0.883594 0.337037 0.0109375 0.0259259
0 0.951563 0.521296 0.0104167 0.0259259
0 0.745313 0.10787 0.0114583 0.0268519
0 0.39375 0.826852 0.0104167 0.0259259
0 0.961458 0.831481 0.0104167 0.0240741
0 0.326562 0.68287 0.0104167 0.025
0 0.417708 0.637963 0.0104167 0.0259259
0 0.504948 0.415741 0.0109375 0.0259259
0 0.771094 0.102315 0.0109375 0.025
0 0.464323 0.75 0.0109375 0.0259259
0 0.377865 0.441204 0.0109375 0.025
0 0.377865 0.956481 0.0109375 0.0259259
