0 0.00442708 0.735648 0.00885417 0.025
0 0.866146 0.92037 0.0104167 0.0240741
0 0.289583 0.651852 0.0104167 0.0259259
0 0.959896 0.283796 0.0104167 0.025
0 0.0567708 0.324537 0.0104167 0.025
0 0.308333 0.469444 0.0104167 0.0259259
0 0.96224 0.025 0.0109375 0.0259259
0 0.08125 0.186574 0.0104167 0.025
0 0.123698 0.717593 0.0109375 0.0259259
0 0.925521 0.528704 0.0104167 0.0240741
0 0.925 0.86713 0.0104167 0.025
0 0.898958 0.672222 0.0104167 0.0240741
0 0.0723958 0.0606481 0.0104167 0.025
0 0.186719 0.416667 0.0109375 0.0259259
0 0.170312 0.576389 0.0104167 0.025
0 0.215625 0.0856481 0.0104167 0.025
0 0.901823 0.97037 0.0109375 0.0259259
