0 0.407813 0.740278 0.0104167 0.025
0 0.66875 0.461574 0.0104167 0.025
0 0.0346354 0.563426 0.0109375 0.025
0 0.0151042 0.63287 0.0104167 0.025
0 0.719531 0.343981 0.0109375 0.025
0 0.89401 0.441204 0.0109375 0.025
0 0.505208 0.225 0.0104167 0.0259259
0 0.261198 0.673148 0.0109375 0.0259259
0 0.658333 0.410648 0.0104167 0.025
0 0.724219 0.544444 0.0109375 0.0259259
0 0.14349 0.15463 0.0109375 0.0259259
0 0.358594 0.715741 0.0109375 0.0259259
0 0.833333 0.550463 0.0104167 0.025
0 0.935417 0.464352 0.0104167 0.025
0 0.21224 0.184722 0.0109375 0.025
0 0.488281 0.384722 0.0109375 0.025
0 0.451823 0.293056 0.0109375 0.025
0 0.285677 0.794444 0.0109375 0.0259259
0 0.695573 0.373611 0.00989583 0.025
0 0.838021 0.289352 0.0104167 0.025
0 0.0752604 0.0606481 0.0109375 0.025
0 0.152083 0.0263889 0.0104167 0.025
0 0.786458 0.501852 0.0104167 0.0240741
0 0.150781 0.681481 0.0109375 0.0259259
0 0.676562 0.290278 0.0104167 0.025
0 0.723698 0.459259 0.0109375 0.0259259
0 0.542448 0.0152778 0.0109375 0.025
0 0.222656 0.623611 0.0109375 0.025
