0 0.803646 0.774537 0.0104167 0.025
0 0.23099 0.685185 0.0109375 0.0259259
0 0.782031 0.491667 0.0109375 0.0259259
0 0.866406 0.416204 0.0109375 0.025
0 0.229167 0.916204 0.0104167 0.025
0 0.490365 0.187037 0.0109375 0.0240741
0 0.430469 0.623148 0.0109375 0.0259259
0 0.935156 0.364815 0.0109375 0.0259259
0 0.330469 0.431481 0.0109375 0.0259259
0 0.472396 0.956481 0.0114583 0.0259259
0 0.396094 0.65463 0.0109375 0.0259259
0 0.132812 0.980556 0.0104167 0.0240741
0 0.280729 0.803704 0.0104167 0.0259259
0 0.534115 0.907407 0.0109375 0.0259259
0 0.420573 0.420833 0.0109375 0.025
0 0.0661458 0.406944 0.0104167 0.025
0 0.126302 0.760648 0.00989583 0.025
0 0.903385 0.351852 0.0109375 0.0259259
0 0.16276 0.784259 0.0109375 0.0259259
0 0.345573 0.575926 0.0109375 0.0259259
0 0.692448 0.370833 0.0109375 0.025
0 0.163542 0.293981 0.0104167 0.025
0 0.0802083 0.259722 0.0104167 0.025
0 0.311719 0.881481 0.0109375 0.0259259
0 0.402865 0.792593 0.0109375 0.0259259
0 0.0789063 0.528704 0.0109375 0.0259259
