0 0.539583 0.343519 0.0104167 0.0240741
0 0.284375 0.299074 0.0104167 0.0259259
0 0.438021 0.45463 0.0104167 0.0240741
0 0.156771 0.818056 0.0104167 0.025
0 0.791406 0.0319444 0.00989583 0.025
0 0.536719 0.234259 0.0109375 0.0259259
0 0.763281 0.0972222 0.0109375 0.0259259
0 0.483073 0.4625 0.0109375 0.025
0 0.688281 0.252778 0.0109375 0.0259259
0 0.528646 0.937037 0.0104167 0.0240741
0 0.552865 0.628704 0.0109375 0.0259259
0 0.579948 0.913889 0.0109375 0.0259259
0 0.53776 0.0444444 0.0109375 0.0259259
0 0.527865 0.823148 0.0109375 0.0259259
0 0.817187 0.037037 0.0104167 0.0259259
0 0.427344 0.372222 0.0109375 0.0259259
