0 0.691667 0.290741 0.0114583 0.0259259
0 0.500781 0.975 0.0109375 0.0259259
0 0.38776 0.65463 0.0109375 0.0259259
0 0.970833 0.440278 0.0104167 0.025
0 0.824219 0.321296 0.0109375 0.0259259
0 0.965885 0.321296 0.0119792 0.0277778
0 0.845573 0.778704 0.0109375 0.0259259
0 0.970052 0.851389 0.0109375 0.025
0 0.963802 0.19537 0.0109375 0.0259259
0 0.0786458 0.181019 0.0104167 0.025
0 0.81276 0.759259 0.0109375 0.0259259
0 0.144531 0.115741 0.0109375 0.0259259
0 0.796615 0.859259 0.0109375 0.0259259
0 0.195573 0.62963 0.0109375 0.0259259
0 0.0796875 0.123148 0.0104167 0.0240741
0 0.50026 0.882407 0.0109375 0.0259259
0 0.866406 0.788889 0.0109375 0.0259259
0 0.354427 0.462037 0.0109375 0.0259259
0 0.976302 0.914815 0.0109375 0.0259259
0 0.160677 0.6125 0.0109375 0.025
