0 0.766667 0.701389 0.0114583 0.0268519
0 0.486458 0.419907 0.0114583 0.0268519
0 0.914844 0.712963 0.0109375 0.0259259
0 0.283854 0.936111 0.0104167 0.0259259
0 0.892448 0.735185 0.0109375 0.0259259
0 0.485417 0.704167 0.0104167 0.025
0 0.71224 0.643056 0.0109375 0.025
0 0.95 0.910185 0.0104167 0.0240741
0 0.632552 0.560185 0.0109375 0.0259259
0 0.40651 0.672222 0.0109375 0.0259259
0 0.508854 0.728704 0.0104167 0.0259259
0 0.54974 0.772685 0.0109375 0.025
0 0.914323 0.548148 0.0109375 0.0259259
0 0.553906 0.593982 0.0109375 0.025
0 0.921875 0.0902778 0.0104167 0.025
0 0.489323 0.571296 0.0109375 0.0259259
0 0.44349 0.792593 0.0109375 0.0259259
0 0.602865 0.533333 0.0109375 0.0259259
0 0.611458 0.614352 0.0104167 0.025
