0 0.578646 0.166204 0.0104167 0.025
0 0.115885 0.765278 0.0109375 0.025
0 0.0815104 0.952315 0.0109375 0.025
0 0.45651 0.793056 0.0109375 0.025
0 0.1875 0.431019 0.0104167 0.025
0 0.89349 0.55463 0.0109375 0.0240741
0 0.767708 0.208796 0.0104167 0.025
0 0.0994792 0.871759 0.0104167 0.025
0 0.960156 0.768519 0.0109375 0.0259259
0 0.710677 0.366204 0.0109375 0.025
0 0.495313 0.894907 0.0104167 0.025
0 0.973698 0.85 0.0109375 0.0259259
0 0.992969 0.794444 0.0109375 0.0259259
0 0.517969 0.918056 0.0109375 0.025
0 0.971875 0.701389 0.0104167 0.025
0 0.0380208 0.706481 0.0104167 0.0259259
0 0.0403646 0.548611 0.0109375 0.0268519
0 0.77474 0.481481 0.0109375 0.0259259
0 0.178906 0.7125 0.0109375 0.025
0 0.203385 0.813889 0.0109375 0.0259259
0 0.922656 0.750926 0.0109375 0.0259259
0 0.714323 0.443981 0.0109375 0.025
0 0.776823 0.124074 0.0109375 0.0259259
0 0.715365 0.646296 0.0109375 0.0259259
