0 0.997396 0.597685 0.00520833 0.025
0 0.385417 0.980093 0.0104167 0.025
0 0.983594 0.254167 0.0109375 0.0268519
0 0.590625 0.699074 0.0104167 0.0259259
0 0.353385 0.718982 0.0109375 0.025
0 0.121094 0.677778 0.0109375 0.0259259
0 0.513542 0.763426 0.0104167 0.025
0 0.850781 0.207407 0.0109375 0.0259259
0 0.958854 0.328241 0.0104167 0.025
0 0.436979 0.774537 0.0104167 0.025
0 0.239323 0.939352 0.0109375 0.025
0 0.513542 0.698148 0.0104167 0.0259259
0 0.665625 0.278704 0.0104167 0.0240741
0 0.980469 0.721296 0.00989583 0.0240741
0 0.0872396 0.912037 0.0109375 0.0259259
0 0.832552 0.403704 0.0109375 0.0259259
0 0.185156 0.664352 0.0109375 0.025
0 0.85599 0.398611 0.0109375 0.025
0 0.476042 0.486574 0.0104167 0.025
0 0.947656 0.89537 0.0109375 0.0259259
0 0.109115 0.771296 0.0109375 0.0259259
0 0.779167 0.843056 0.0104167 0.025
0 0.257031 0.872222 0.0109375 0.0259259
0 0.25625 0.606944 0.0104167 0.025
0 0.821094 0.834259 0.0109375 0.0259259
0 0.0351562 0.926852 0.0109375 0.0259259
0 0.945052 0.81713 0.0109375 0.025
0 0.625781 0.734259 0.0109375 0.0259259
0 0.204427 0.515278 0.0109375 0.025
0 0.684635 0.913889 0.0109375 0.0259259
0 0.413802 0.0916667 0.0109375 0.0259259
0 0.959115 0.94537 0.0109375 0.0259259
0 0.692708 0.125926 0.0104167 0.0259259
0 0.45026 0.660185 0.0109375 0.0259259
0 0.735937 0.770833 0.0104167 0.025
0 0.600781 0.794907 0.0109375 0.025
0 0.913802 0.893519 0.0109375 0.0259259
0 0.31849 0.715741 0.0109375 0.0259259
0 0.261458 0.946759 0.0104167 0.025
0 0.419531 0.838889 0.0109375 0.0259259
