0 0.997396 0.866667 0.00520833 0.0259259
0 0.790625 0.0944444 0.0135417 0.0333333
0 0.996875 0.155556 0.00625 0.0259259
0 0.0398437 0.59537 0.0109375 0.0259259
0 0.923437 0.193981 0.0104167 0.025
0 0.0231771 0.341204 0.0109375 0.025
0 0.511719 0.306944 0.0109375 0.025
0 0.0632813 0.640741 0.0109375 0.0259259
0 0.447396 0.53287 0.0104167 0.025
0 0.928646 0.384722 0.0104167 0.025
0 0.495052 0.966204 0.0109375 0.0268519
0 0.90026 0.207407 0.0109375 0.0259259
0 0.538802 0.343519 0.0109375 0.0259259
0 0.723437 0.0921296 0.0104167 0.025
0 0.59401 0.0944444 0.0109375 0.0259259
0 0.809115 0.616667 0.0109375 0.0259259
0 0.660417 0.756944 0.0104167 0.025
0 0.633594 0.0634259 0.0109375 0.025
0 0.566146 0.684722 0.0104167 0.025
0 0.579687 0.270833 0.0104167 0.025
0 0.0752604 0.491204 0.0109375 0.0268519
0 0.470573 0.414815 0.0109375 0.0259259
0 0.395573 0.837963 0.0109375 0.0259259
0 0.559115 0.897222 0.0109375 0.0259259
0 0.436198 0.725 0.0109375 0.0259259
0 0.77526 0.282407 0.0109375 0.0259259
0 0.665885 0.445833 0.0109375 0.025
0 0.405208 0.773148 0.0104167 0.0259259
0 0.667708 0.124537 0.0104167 0.025
