0 0.900781 0.256944 0.0109375 0.0268519
0 0.645052 0.788889 0.0109375 0.0259259
0 0.707552 0.53287 0.0109375 0.025
0 0.684896 0.555093 0.0104167 0.025
0 0.751562 0.1625 0.0104167 0.025
0 0.803906 0.248148 0.0109375 0.0259259
0 0.73724 0.551852 0.0109375 0.0259259
0 0.714583 0.636574 0.0104167 0.025
0 0.732552 0.281481 0.0109375 0.0259259
0 0.760156 0.376852 0.00989583 0.0240741
0 0.765885 0.458333 0.0109375 0.0259259
0 0.813802 0.191667 0.0109375 0.0259259
0 0.867969 0.866667 0.0109375 0.0259259
0 0.599219 0.502315 0.0109375 0.0268519
