0 0.826302 0.884722 0.0109375 0.0268519
0 0.853906 0.184259 0.0109375 0.0259259
0 0.970573 0.899074 0.0109375 0.0259259
0 0.549219 0.477778 0.0109375 0.0259259
0 0.983073 0.643519 0.0109375 0.0259259
0 0.661719 0.497222 0.0109375 0.0259259
0 0.85651 0.271296 0.0109375 0.0259259
0 0.833333 0.0703704 0.0104167 0.0259259
0 0.909635 0.335185 0.0109375 0.0259259
0 0.583333 0.168981 0.0104167 0.025
0 0.232552 0.725926 0.0109375 0.0259259
0 0.842969 0.123148 0.0109375 0.0259259
0 0.559115 0.0935185 0.0109375 0.0259259
0 0.970573 0.973611 0.0109375 0.025
0 0.580208 0.326389 0.0104167 0.025
0 0.51901 0.0828704 0.0109375 0.0268519
