0 0.834896 0.98287 0.0104167 0.025
0 0.691927 0.184259 0.00989583 0.0240741
0 0.591146 0.488426 0.0104167 0.025
0 0.06875 0.303241 0.0104167 0.025
0 0.0643229 0.265741 0.0109375 0.0259259
0 0.0335938 0.966204 0.0109375 0.025
0 0.68099 0.132407 0.0109375 0.0259259
0 0.0893229 0.186111 0.0109375 0.0259259
0 0.655469 0.282407 0.0109375 0.0259259
0 0.710938 0.0509259 0.0104167 0.0240741
0 0.948438 0.583796 0.0114583 0.0287037
0 0.726302 0.368519 0.0109375 0.0259259
0 0.810156 0.488889 0.0109375 0.0259259
0 0.0473958 0.34213 0.0104167 0.025
0 0.933594 0.507407 0.0109375 0.0259259
0 0.63125 0.702315 0.0104167 0.025
0 0.0257812 0.136111 0.0109375 0.0259259
0 0.0903646 0.926389 0.0109375 0.025
0 0.614583 0.626389 0.0104167 0.025
0 0.546354 0.435648 0.0104167 0.025
0 0.75599 0.492593 0.0109375 0.0259259
0 0.780208 0.547685 0.0104167 0.025
0 0.785937 0.380093 0.0104167 0.025
0 0.470052 0.0342593 0.0109375 0.0259259
0 0.488802 0.137963 0.0109375 0.0259259
0 0.665365 0.772222 0.0109375 0.0259259
0 0.549219 0.280556 0.0109375 0.0259259
