0 0.679167 0.466667 0.0114583 0.0259259
0 0.813281 0.567593 0.0109375 0.0259259
0 0.795573 0.829167 0.00989583 0.0231481
0 0.0817708 0.379167 0.0104167 0.025
0 0.652865 0.534259 0.0109375 0.0259259
0 0.207031 0.543056 0.0109375 0.025
0 0.817708 0.825463 0.0104167 0.025
0 0.639844 0.865278 0.0109375 0.025
0 0.250521 0.930556 0.0104167 0.0259259
0 0.613542 0.832407 0.0104167 0.0259259
0 0.630208 0.54213 0.0104167 0.025
0 0.642187 0.163426 0.0104167 0.025
0 0.710938 0.247685 0.0104167 0.025
0 0.752604 0.483796 0.0104167 0.025
0 0.110156 0.966204 0.0109375 0.025
0 0.0622396 0.767593 0.0109375 0.0259259
0 0.20651 0.374074 0.0109375 0.0259259
0 0.774219 0.491667 0.0109375 0.0259259
0 0.101823 0.510648 0.00989583 0.025
0 0.621615 0.0935185 0.0109375 0.0259259
0 0.0552083 0.0652778 0.0104167 0.025
0 0.484896 0.576852 0.0104167 0.0240741
0 0.704427 0.287963 0.0109375 0.0259259
0 0.741667 0.768981 0.0104167 0.025
0 0.234375 0.401389 0.0104167 0.025
0 0.107292 0.643519 0.0104167 0.0259259
0 0.579948 0.270833 0.0109375 0.025
0 0.469531 0.436111 0.0109375 0.0240741
0 0.507552 0.0648148 0.0109375 0.0259259
0 0.192969 0.13287 0.0109375 0.025
0 0.157031 0.0861111 0.0109375 0.0259259
0 0.248177 0.688889 0.0109375 0.0259259
0 0.553906 0.403241 0.0109375 0.025
0 0.0914062 0.327778 0.0109375 0.0259259
0 0.416927 0.45463 0.0109375 0.0259259
0 0.101823 0.835648 0.0109375 0.025
0 0.335677 0.475926 0.0109375 0.0259259
0 0.240885 0.444444 0.0109375 0.0259259
0 0.239583 0.801389 0.0104167 0.025
0 0.701823 0.381944 0.0109375 0.025
0 0.722656 0.548611 0.0109375 0.025
0 0.373958 0.466204 0.0104167 0.025
0 0.654427 0.247685 0.0109375 0.025
0 0.799219 0.693056 0.0109375 0.025
0 0.301562 0.512963 0.0104167 0.0240741
0 0.548437 0.601389 0.0104167 0.0268519
0 0.355208 0.65787 0.0104167 0.025
0 0.728385 0.458333 0.0109375 0.0259259
0 0.79974 0.904167 0.0109375 0.025
