0 0.522917 0.0990741 0.0104167 0.0240741
0 0.259375 0.875463 0.0104167 0.025
0 0.140885 0.347685 0.00989583 0.025
0 0.690365 0.219444 0.0109375 0.0259259
0 0.478646 0.129167 0.0114583 0.0268519
0 0.403646 0.199537 0.0104167 0.025
0 0.248698 0.832407 0.0109375 0.0259259
0 0.0213542 0.174537 0.0104167 0.025
0 0.399219 0.255093 0.0109375 0.025
0 0.223698 0.276389 0.0109375 0.025
0 0.513542 0.298611 0.0104167 0.025
0 0.39349 0.780556 0.0109375 0.0259259
0 0.738021 0.895833 0.0104167 0.025
0 0.708333 0.877315 0.0104167 0.025
0 0.717708 0.825 0.0104167 0.0259259
0 0.14974 0.387037 0.0109375 0.0259259
0 0.332552 0.327778 0.0109375 0.0259259
0 0.150781 0.115278 0.0109375 0.025
0 0.591667 0.67963 0.0104167 0.0240741
0 0.120573 0.103704 0.0109375 0.0259259
0 0.185937 0.087963 0.0104167 0.0240741
0 0.560156 0.413889 0.0109375 0.0259259
0 0.322135 0.0666667 0.0109375 0.0259259
0 0.672656 0.672222 0.0109375 0.0259259
0 0.0190104 0.587963 0.0109375 0.0259259
0 0.550781 0.327315 0.0109375 0.025
0 0.496875 0.198611 0.0104167 0.025
