0 0.003125 0.607407 0.00625 0.0259259
0 0.995313 0.012037 0.00833333 0.0240741
0 0.0046875 0.972222 0.009375 0.0240741
0 0.296094 0.131481 0.0109375 0.0259259
0 0.415885 0.0324074 0.0109375 0.0259259
0 0.363021 0.328241 0.0104167 0.025
0 0.789323 0.856481 0.0109375 0.0259259
0 0.636458 0.143981 0.0104167 0.025
0 0.513281 0.0199074 0.0109375 0.025
0 0.16276 0.431481 0.0109375 0.0259259
0 0.639323 0.936111 0.00989583 0.0240741
0 0.972135 0.54213 0.0109375 0.025
0 0.0736979 0.518056 0.0109375 0.025
0 0.134115 0.573148 0.0109375 0.0259259
0 0.145573 0.735185 0.0109375 0.0259259
0 0.122656 0.154167 0.00989583 0.025
0 0.0231771 0.526389 0.0109375 0.025
0 0.121615 0.395833 0.0109375 0.025
0 0.33776 0.340741 0.0109375 0.0259259
0 0.226042 0.396759 0.0104167 0.025
0 0.163542 0.378704 0.0104167 0.0259259
0 0.253385 0.351389 0.0109375 0.025
0 0.435156 0.290741 0.0109375 0.0259259
0 0.775521 0.114815 0.0104167 0.0259259
0 0.948438 0.620833 0.0104167 0.025
0 0.580729 0.964352 0.0104167 0.025
0 0.15 0.79537 0.0104167 0.0240741
0 0.542188 0.234722 0.0104167 0.025
0 0.140885 0.6625 0.0109375 0.025
0 0.85599 0.074537 0.0109375 0.025
0 0.0611979 0.368056 0.0109375 0.025
