0 0.40026 0.720833 0.0109375 0.025
0 0.98151 0.444444 0.0109375 0.0259259
0 0.0591146 0.842593 0.0109375 0.0259259
0 0.878385 0.562963 0.0109375 0.0259259
0 0.43125 0.7125 0.0104167 0.025
0 0.10651 0.966667 0.0109375 0.0259259
0 0.334115 0.686111 0.0109375 0.0259259
0 0.0570313 0.54537 0.0109375 0.0259259
0 0.79401 0.233333 0.0109375 0.0259259
0 0.130469 0.571296 0.0109375 0.0259259
0 0.267448 0.183333 0.0109375 0.0259259
0 0.688021 0.350463 0.0104167 0.025
0 0.202083 0.0398148 0.0104167 0.0240741
0 0.75651 0.507407 0.0109375 0.0259259
0 0.670833 0.218056 0.0104167 0.025
0 0.153385 0.589352 0.0109375 0.0268519
0 0.596875 0.844907 0.0104167 0.025
0 0.611979 0.106019 0.0104167 0.025
0 0.0632813 0.673148 0.0109375 0.0259259
0 0.0950521 0.108333 0.0109375 0.0259259
0 0.914583 0.545833 0.0104167 0.025
0 0.37474 0.335648 0.0109375 0.025
0 0.598698 0.893519 0.0109375 0.0259259
0 0.0179687 0.212037 0.0109375 0.0259259
0 0.229687 0.100926 0.0104167 0.0240741
0 0.83724 0.578704 0.0109375 0.0259259
0 0.148698 0.929167 0.0109375 0.025
0 0.435677 0.946296 0.0109375 0.0259259
0 0.727083 0.418056 0.0104167 0.025
0 0.502344 0.747222 0.0109375 0.0259259
0 0.198698 0.6125 0.0109375 0.025
