0 0.0421875 0.25 0.0114583 0.0277778
0 0.59401 0.658333 0.0109375 0.0277778
0 0.41849 0.732407 0.0109375 0.0259259
0 0.652083 0.854167 0.0104167 0.025
0 0.348698 0.42963 0.0109375 0.0259259
0 0.726302 0.523148 0.0109375 0.0259259
0 0.982552 0.215741 0.0109375 0.0259259
0 0.0315104 0.719907 0.0109375 0.025
0 0.989583 0.870833 0.0114583 0.0268519
0 0.73151 0.809259 0.0109375 0.0259259
0 0.721615 0.761111 0.0109375 0.0259259
0 0.382552 0.713889 0.0109375 0.0259259
0 0.138542 0.575926 0.0104167 0.0259259
0 0.885156 0.908333 0.0109375 0.0259259
0 0.889323 0.0208333 0.0109375 0.025
0 0.582552 0.380556 0.0109375 0.0259259
0 0.0731771 0.815741 0.0109375 0.0259259
0 0.946875 0.0569444 0.0104167 0.025
0 0.578385 0.244444 0.0109375 0.0259259
0 0.897656 0.702778 0.0109375 0.0259259
0 0.577865 0.753704 0.0109375 0.0259259
0 0.435677 0.37963 0.0109375 0.0259259
0 0.897656 0.600463 0.0109375 0.025
0 0.16849 0.15 0.0109375 0.0259259
0 0.452865 0.737037 0.0109375 0.0259259
0 0.114323 0.625926 0.0109375 0.0259259
0 0.457552 0.491667 0.0109375 0.0259259
0 0.829427 0.88287 0.0109375 0.025
0 0.411198 0.778704 0.0109375 0.0259259
0 0.37526 0.628704 0.0109375 0.0259259
0 0.98776 0.0828704 0.0109375 0.025
0 0.936719 0.70463 0.0109375 0.0259259
0 0.798698 0.556481 0.0109375 0.0259259
0 0.525521 0.717593 0.0104167 0.0259259
