0 0.209635 0.987963 0.00989583 0.0240741
0 0.259896 0.573611 0.0104167 0.025
0 0.464323 0.699074 0.0109375 0.0259259
0 0.177083 0.876852 0.0104167 0.0259259
0 0.83151 0.0203704 0.0109375 0.0259259
0 0.233594 0.293519 0.0109375 0.0259259
0 0.296094 0.810185 0.0109375 0.0259259
0 0.702865 0.655556 0.0109375 0.0259259
0 0.0635417 0.62037 0.0104167 0.0240741
0 0.916406 0.0722222 0.0109375 0.0259259
0 0.758854 0.89537 0.0104167 0.0240741
0 0.864323 0.943519 0.0109375 0.0259259
0 0.957552 0.337963 0.0109375 0.0259259
0 0.0520833 0.450926 0.0104167 0.0240741
0 0.274219 0.212037 0.0109375 0.0259259
0 0.590104 0.856481 0.0104167 0.0240741
0 0.898177 0.927315 0.0109375 0.025
0 0.947656 0.219444 0.0109375 0.0259259
0 0.168229 0.935648 0.0114583 0.0268519
0 0.823958 0.951852 0.0104167 0.0240741
0 0.336719 0.66713 0.0109375 0.025
0 0.382552 0.750926 0.0109375 0.0259259
0 0.705208 0.894907 0.0104167 0.025
0 0.322396 0.815278 0.0104167 0.025
0 0.455208 0.830093 0.0104167 0.025
0 0.233073 0.552778 0.0109375 0.0259259
0 0.260677 0.618519 0.0109375 0.0259259
0 0.0351562 0.0481481 0.0109375 0.0259259
0 0.970052 0.47963 0.0109375 0.0259259
0 0.0416667 0.306944 0.0104167 0.025
0 0.0554687 0.79537 0.0109375 0.0259259
0 0.509115 0.0541667 0.0109375 0.025
0 0.0338542 0.191667 0.0104167 0.0259259
0 0.375781 0.817593 0.0109375 0.0259259
0 0.0367187 0.235185 0.0109375 0.0259259
