0 0.341927 0.42963 0.0109375 0.0259259
0 0.421615 0.161111 0.0109375 0.0259259
0 0.459115 0.432407 0.0109375 0.0259259
0 0.590365 0.540278 0.0109375 0.025
0 0.683594 0.619907 0.0109375 0.0268519
0 0.327865 0.599537 0.0109375 0.025
0 0.73099 0.702778 0.0109375 0.0259259
0 0.0861979 0.881481 0.0109375 0.0259259
0 0.209375 0.737963 0.0104167 0.0259259
0 0.651302 0.547222 0.0109375 0.0259259
0 0.569531 0.494444 0.0109375 0.0259259
0 0.423698 0.494444 0.0109375 0.0259259
0 0.844531 0.951852 0.0109375 0.0259259
0 0.11224 0.550926 0.0109375 0.0259259
0 0.51875 0.384722 0.0104167 0.025
0 0.114583 0.848611 0.0104167 0.025
0 0.71276 0.805556 0.0109375 0.0259259
0 0.39401 0.106019 0.0109375 0.025
0 0.752344 0.892593 0.0109375 0.0259259
0 0.280208 0.0888889 0.0104167 0.0259259
