0 0.683854 0.455093 0.0114583 0.0268519
0 0.320833 0.256019 0.0104167 0.025
0 0.174479 0.874074 0.0104167 0.0259259
0 0.233073 0.276852 0.0109375 0.0259259
0 0.0429688 0.110185 0.0109375 0.0259259
0 0.929948 0.299074 0.0109375 0.0259259
0 0.29974 0.678704 0.0109375 0.0259259
0 0.895052 0.39537 0.0109375 0.0259259
0 0.311198 0.515278 0.0109375 0.025
0 0.0205729 0.915741 0.0109375 0.0259259
0 0.44349 0.756481 0.0109375 0.0259259
0 0.441927 0.0185185 0.0109375 0.0259259
0 0.721615 0.237037 0.0109375 0.0259259
0 0.34349 0.701852 0.0109375 0.0259259
0 0.28151 0.962037 0.0109375 0.0259259
0 0.81849 0.729167 0.0109375 0.0268519
0 0.220313 0.634722 0.0104167 0.025
