0 0.8375 0.272222 0.0104167 0.0240741
0 0.84401 0.327778 0.0109375 0.0259259
0 0.969792 0.84213 0.0114583 0.0287037
0 0.0414063 0.575926 0.0109375 0.0259259
0 0.0635417 0.0912037 0.0104167 0.025
0 0.985156 0.419907 0.0109375 0.025
0 0.0440104 0.929167 0.0109375 0.025
0 0.596094 0.493519 0.00989583 0.0240741
0 0.921615 0.963426 0.0109375 0.025
0 0.0921875 0.490278 0.0104167 0.025
0 0.13125 0.588426 0.0104167 0.025
0 0.445573 0.202315 0.0109375 0.0268519
0 0.169792 0.603241 0.0104167 0.025
0 0.660156 0.0578704 0.00989583 0.025
0 0.452083 0.616667 0.0104167 0.0259259
0 0.163281 0.2 0.0109375 0.0259259
0 0.83099 0.678241 0.0109375 0.025
0 0.964844 0.345833 0.0109375 0.025
0 0.816927 0.627778 0.0109375 0.0259259
0 0.388542 0.258796 0.0104167 0.025
0 0.0247396 0.358333 0.0109375 0.0259259
0 0.0622396 0.218981 0.00989583 0.025
0 0.161719 0.685185 0.0109375 0.0259259
0 0.590885 0.126852 0.0109375 0.0259259
0 0.0638021 0.0467593 0.0109375 0.025
0 0.857292 0.215278 0.0104167 0.025
0 0.921354 0.149074 0.0104167 0.0259259
0 0.772135 0.237037 0.0109375 0.0259259
0 0.0335938 0.0185185 0.0109375 0.0259259
0 0.88776 0.7625 0.0109375 0.025
0 0.882552 0.0592593 0.0109375 0.0259259
0 0.221094 0.813889 0.0109375 0.0259259
0 0.0726563 0.869444 0.0109375 0.0259259
0 0.834635 0.0351852 0.0109375 0.0259259
0 0.826823 0.0981481 0.0109375 0.0259259
0 0.283073 0.553704 0.0109375 0.0259259
0 0.68776 0.0694444 0.0109375 0.0259259
0 0.742969 0.324074 0.0109375 0.0259259
