0 0.00390625 0.690741 0.0078125 0.0277778
0 0.80625 0.856944 0.0104167 0.025
0 0.78151 0.151389 0.0109375 0.025
0 0.602604 0.131019 0.0104167 0.025
0 0.97526 0.798148 0.0109375 0.0259259
0 0.788802 0.787963 0.0109375 0.0259259
0 0.49401 0.474074 0.0109375 0.0259259
0 0.364323 0.875926 0.00989583 0.0240741
0 0.76849 0.706944 0.0109375 0.025
0 0.816406 0.89537 0.0109375 0.0259259
0 0.545573 0.362963 0.0109375 0.0259259
0 0.948177 0.742593 0.0109375 0.0259259
0 0.245833 0.54213 0.0104167 0.025
0 0.824479 0.0699074 0.0104167 0.025
0 0.579948 0.0555556 0.00989583 0.0240741
0 0.608073 0.787963 0.0109375 0.0259259
0 0.108854 0.534722 0.0104167 0.025
0 0.2875 0.869907 0.0104167 0.025
0 0.0682292 0.65 0.0104167 0.0240741
0 0.486719 0.397222 0.0109375 0.0259259
0 0.56849 0.698611 0.0109375 0.025
0 0.58125 0.144444 0.0104167 0.0240741
0 0.914844 0.560648 0.0109375 0.025
0 0.536719 0.780556 0.0109375 0.0259259
0 0.10599 0.956944 0.0109375 0.025
0 0.389583 0.793981 0.0104167 0.025
0 0.549219 0.45787 0.0109375 0.025
0 0.25651 0.303241 0.0109375 0.025
0 0.184635 0.599537 0.0109375 0.025
0 0.219531 0.880093 0.0109375 0.025
0 0.291406 0.505093 0.0109375 0.025
0 0.450781 0.75787 0.0109375 0.0268519
0 0.150781 0.926389 0.0109375 0.025
0 0.35026 0.772222 0.0109375 0.0259259
0 0.0726563 0.802778 0.0109375 0.0259259
0 0.597656 0.357407 0.0109375 0.0259259
0 0.420573 0.843518 0.0109375 0.0259259
