0 0.21875 0.0837963 0.0114583 0.0268519
0 0.697917 0.843982 0.0104167 0.025
0 0.718229 0.870833 0.0104167 0.025
0 0.406771 0.395833 0.0104167 0.025
0 0.539323 0.7125 0.0109375 0.025
0 0.75651 0.956481 0.0109375 0.0259259
0 0.30599 0.127778 0.0109375 0.0259259
0 0.335156 0.172685 0.0109375 0.025
0 0.00625 0.910185 0.0104167 0.0240741
0 0.719531 0.946759 0.0109375 0.025
0 0.822917 0.904167 0.0104167 0.025
0 0.113542 0.115278 0.0104167 0.025
0 0.276823 0.0967593 0.0109375 0.0268519
0 0.73099 0.762963 0.0109375 0.0259259
0 0.525781 0.49537 0.0109375 0.0259259
0 0.472656 0.625926 0.0109375 0.0259259
0 0.0570313 0.0606481 0.0109375 0.0268519
0 0.41276 0.547685 0.0109375 0.025
