0 0.158854 0.987963 0.0104167 0.0240741
0 0.427083 0.438426 0.0104167 0.025
0 0.98724 0.0518519 0.0109375 0.0259259
0 0.94974 0.721296 0.0109375 0.0259259
0 0.367708 0.627315 0.0104167 0.025
0 0.995313 0.961111 0.009375 0.0240741
0 0.633594 0.387963 0.0109375 0.0259259
0 0.877865 0.743981 0.0109375 0.025
0 0.398177 0.199537 0.0109375 0.025
0 0.546615 0.0601852 0.0109375 0.0259259
0 0.48151 0.702778 0.0109375 0.0259259
0 0.38099 0.888426 0.0109375 0.025
0 0.286719 0.898611 0.0109375 0.025
0 0.951823 0.444444 0.0109375 0.0259259
0 0.695573 0.293056 0.0109375 0.025
0 0.309896 0.823148 0.0104167 0.0259259
0 0.30599 0.0310185 0.0109375 0.025
0 0.777865 0.272222 0.0109375 0.0259259
0 0.967708 0.316204 0.0104167 0.025
0 0.581771 0.461574 0.0104167 0.025
0 0.835156 0.704167 0.0109375 0.0268519
0 0.410677 0.791667 0.0109375 0.0259259
0 0.233594 0.0828704 0.0109375 0.025
0 0.438281 0.7 0.0109375 0.0259259
0 0.890885 0.595833 0.0109375 0.025
0 0.403906 0.417593 0.0109375 0.0259259
0 0.809115 0.6 0.0109375 0.0259259
0 0.977865 0.749074 0.0109375 0.0259259
0 0.676302 0.551852 0.0109375 0.0259259
0 0.485156 0.547222 0.0109375 0.0259259
0 0.892969 0.894444 0.0109375 0.0259259
0 0.542969 0.425 0.0109375 0.0259259
0 0.351302 0.15 0.0109375 0.0259259
0 0.51276 0.457407 0.0109375 0.0259259
0 0.459896 0.279167 0.0104167 0.025
0 0.790365 0.661111 0.0109375 0.0259259
0 0.652865 0.529167 0.0109375 0.025
0 0.611198 0.215741 0.0109375 0.0259259
0 0.90026 0.668519 0.0109375 0.0259259
0 0.186979 0.191204 0.0104167 0.025
0 0.0419271 0.0925926 0.0109375 0.0259259
0 0.727865 0.126389 0.0109375 0.025
