0 0.533073 0.0125 0.0109375 0.025
0 0.7 0.899074 0.0104167 0.0240741
0 0.651042 0.299537 0.0104167 0.025
0 0.880729 0.618981 0.0104167 0.025
0 0.68151 0.173148 0.0109375 0.0259259
0 0.729948 0.283333 0.00989583 0.0240741
0 0.620052 0.217593 0.0109375 0.0259259
0 0.656771 0.119907 0.0104167 0.025
0 0.234375 0.590278 0.0104167 0.025
0 0.115625 0.891667 0.0104167 0.0240741
0 0.14974 0.872222 0.0109375 0.0259259
0 0.103906 0.743981 0.0109375 0.025
0 0.677083 0.919444 0.0104167 0.0240741
0 0.495052 0.162037 0.0109375 0.0259259
0 0.266667 0.5625 0.0104167 0.025
0 0.358333 0.601852 0.0104167 0.0259259
0 0.771354 0.82037 0.0104167 0.0259259
0 0.585417 0.526389 0.0104167 0.025
0 0.0229167 0.0430556 0.0104167 0.025
0 0.225 0.354167 0.0104167 0.025
0 0.902083 0.593982 0.0104167 0.025
0 0.75026 0.32963 0.0109375 0.0259259
0 0.188021 0.979167 0.0104167 0.025
0 0.346354 0.86713 0.0104167 0.025
0 0.651823 0.798611 0.0109375 0.025
0 0.307031 0.790741 0.0109375 0.0259259
0 0.601302 0.360185 0.0109375 0.0259259
0 0.775781 0.485648 0.0109375 0.025
0 0.608594 0.0125 0.0109375 0.025
0 0.855469 0.646759 0.0109375 0.0268519
0 0.608073 0.881481 0.0109375 0.0259259
0 0.0736979 0.660185 0.0109375 0.0259259
0 0.634115 0.0685185 0.0109375 0.0259259
0 0.153906 0.77037 0.0109375 0.0259259
0 0.185156 0.324074 0.0109375 0.0259259
0 0.724219 0.881481 0.0109375 0.0259259
0 0.078125 0.160185 0.0104167 0.0259259
0 0.786458 0.412963 0.0104167 0.0240741
0 0.152865 0.351389 0.0109375 0.025
0 0.528906 0.948148 0.0109375 0.0259259
0 0.651302 0.981481 0.0109375 0.0259259
