0 0.269531 0.0157407 0.0109375 0.0259259
0 0.786719 0.634259 0.0109375 0.0259259
0 0.653125 0.676852 0.0104167 0.0259259
0 0.194271 0.860185 0.0104167 0.0240741
0 0.873438 0.631944 0.0104167 0.025
0 0.924479 0.381944 0.0104167 0.025
0 0.340885 0.789815 0.0109375 0.0259259
0 0.828906 0.438889 0.0109375 0.0259259
0 0.33724 0.247222 0.0109375 0.0259259
0 0.714323 0.466204 0.0109375 0.025
0 0.792969 0.133333 0.0109375 0.0259259
0 0.942969 0.896759 0.0109375 0.025
0 0.0361979 0.595833 0.0109375 0.025
0 0.963281 0.974074 0.0109375 0.0259259
0 0.839583 0.871296 0.0104167 0.0240741
0 0.615365 0.706944 0.0109375 0.025
0 0.922135 0.815741 0.0109375 0.0259259
0 0.49974 0.781482 0.0109375 0.0259259
0 0.13724 0.927315 0.0109375 0.025
0 0.0671875 0.893056 0.0104167 0.025
0 0.797135 0.709259 0.0109375 0.0259259
0 0.542188 0.418056 0.0114583 0.0268519
