0 0.00364583 0.464815 0.00729167 0.0240741
0 0.928125 0.856944 0.0104167 0.025
0 0.478125 0.789815 0.0114583 0.0259259
0 0.694531 0.560185 0.0109375 0.0259259
0 0.741406 0.298148 0.0109375 0.0259259
0 0.632031 0.914815 0.0109375 0.0259259
0 0.210677 0.0509259 0.0109375 0.0259259
0 0.114844 0.700926 0.0109375 0.0259259
0 0.70651 0.493981 0.0109375 0.0268519
0 0.255469 0.433333 0.0119792 0.0277778
0 0.567969 0.809259 0.0109375 0.0259259
0 0.574219 0.675 0.0109375 0.0259259
0 0.248698 0.472222 0.0109375 0.0240741
0 0.878646 0.805093 0.0104167 0.025
0 0.525781 0.546296 0.0109375 0.0259259
0 0.192969 0.730556 0.0109375 0.0259259
0 0.276302 0.315741 0.0109375 0.0259259
