0 0.315885 0.0175926 0.0109375 0.0259259
0 0.647135 0.784259 0.00989583 0.0240741
0 0.369271 0.673148 0.0104167 0.0259259
0 0.592188 0.565741 0.0104167 0.0240741
0 0.390104 0.437037 0.0104167 0.0240741
0 0.00625 0.346759 0.0104167 0.025
0 0.19401 0.453704 0.0109375 0.0259259
0 0.395573 0.075 0.0109375 0.0259259
0 0.48125 0.77037 0.0104167 0.0240741
0 0.698958 0.308796 0.0104167 0.025
0 0.235677 0.144444 0.0109375 0.0259259
0 0.197396 0.197222 0.0104167 0.0259259
0 0.367969 0.964352 0.0109375 0.025
0 0.94349 0.524074 0.0109375 0.0259259
0 0.209115 0.638889 0.0109375 0.0259259
0 0.53776 0.714352 0.0109375 0.025
0 0.845573 0.582407 0.0109375 0.0259259
0 0.22474 0.0962963 0.0109375 0.0259259
0 0.745052 0.362037 0.0109375 0.0259259
0 0.726562 0.65 0.0104167 0.0240741
0 0.379948 0.485648 0.0109375 0.025
0 0.370573 0.235185 0.0109375 0.0259259
0 0.26901 0.0972222 0.0109375 0.0259259
0 0.60026 0.649537 0.0109375 0.0268519
0 0.148698 0.976389 0.0109375 0.0268519
0 0.361719 0.0444444 0.0109375 0.0259259
0 0.366667 0.18287 0.0104167 0.025
0 0.196354 0.514815 0.0104167 0.0259259
0 0.798177 0.775 0.0109375 0.0259259
0 0.398698 0.772685 0.0109375 0.025
0 0.921354 0.591204 0.0104167 0.025
0 0.157552 0.692593 0.0109375 0.0259259
0 0.710156 0.45787 0.0109375 0.025
0 0.196875 0.4 0.0104167 0.0259259
0 0.692448 0.812037 0.0109375 0.0259259
0 0.966667 0.605093 0.0104167 0.025
0 0.197135 0.291204 0.0109375 0.025
0 0.357552 0.888889 0.0109375 0.0259259
0 0.358594 0.114352 0.0109375 0.025
0 0.739844 0.727315 0.0109375 0.025
0 0.26901 0.194444 0.0109375 0.0259259
0 0.58724 0.469444 0.0109375 0.0259259
