0 0.0505208 0.254167 0.0104167 0.025
0 0.353125 0.852315 0.0104167 0.025
0 0.697656 0.906944 0.0109375 0.025
0 0.164583 0.32037 0.0104167 0.0240741
0 0.702604 0.362963 0.0104167 0.0240741
0 0.0257812 0.94537 0.0109375 0.0259259
0 0.533594 0.919444 0.0109375 0.0259259
0 0.127604 0.786111 0.0104167 0.0240741
0 0.491406 0.874074 0.0109375 0.0259259
0 0.0143229 0.89537 0.00989583 0.0240741
0 0.99401 0.69213 0.00989583 0.025
0 0.995313 0.597685 0.009375 0.025
0 0.994531 0.976852 0.0109375 0.0259259
0 0.971615 0.948611 0.0109375 0.025
0 0.622656 0.893981 0.0109375 0.0268519
0 0.156771 0.422685 0.0104167 0.025
0 0.947917 0.600926 0.0104167 0.0259259
0 0.16224 0.119907 0.00989583 0.025
0 0.09375 0.134722 0.0104167 0.025
0 0.16875 0.0310185 0.0104167 0.025
0 0.13151 0.738889 0.0109375 0.0259259
0 0.185937 0.908796 0.0104167 0.025
0 0.0666667 0.598148 0.0104167 0.0240741
0 0.208073 0.259259 0.0109375 0.0259259
0 0.0471354 0.720833 0.0109375 0.025
0 0.146875 0.543056 0.0104167 0.025
0 0.115885 0.933333 0.0109375 0.0259259
0 0.659635 0.983333 0.0109375 0.0259259
0 0.161719 0.363426 0.0109375 0.025
0 0.0117188 0.816204 0.0109375 0.025
0 0.0257812 0.327778 0.0109375 0.0259259
0 0.56276 0.980556 0.0109375 0.0259259
0 0.230208 0.109722 0.0104167 0.025
0 0.185156 0.826852 0.0109375 0.0259259
