0 0.708333 0.987037 0.009375 0.0222222
0 0.465885 0.576389 0.0109375 0.025
0 0.484896 0.986111 0.0104167 0.0240741
0 0.540104 0.639815 0.0104167 0.0240741
0 0.0617188 0.299074 0.0109375 0.0259259
0 0.694531 0.5 0.0109375 0.0259259
0 0.346615 0.729167 0.00989583 0.025
0 0.190365 0.833333 0.0109375 0.0259259
0 0.346354 0.590278 0.0114583 0.0268519
0 0.317187 0.321759 0.0104167 0.025
0 0.133333 0.539352 0.0104167 0.025
0 0.0315104 0.644444 0.0109375 0.0259259
0 0.742188 0.563426 0.0104167 0.025
0 0.15651 0.75787 0.0109375 0.025
0 0.521615 0.808333 0.0109375 0.0259259
0 0.719531 0.589352 0.0109375 0.025
0 0.445573 0.681944 0.0109375 0.025
0 0.369531 0.367593 0.0109375 0.0259259
0 0.60026 0.792593 0.0109375 0.0259259
0 0.671615 0.580556 0.0109375 0.0259259
0 0.569531 0.626852 0.0109375 0.0259259
0 0.0455729 0.466667 0.0109375 0.0259259
0 0.632552 0.337963 0.0109375 0.0259259
0 0.82526 0.259722 0.0109375 0.0268519
0 0.194531 0.435185 0.0109375 0.0259259
0 0.32526 0.378241 0.0109375 0.025
0 0.128906 0.795833 0.0109375 0.025
0 0.439583 0.326389 0.0104167 0.025
0 0.651823 0.244907 0.0109375 0.025
0 0.85026 0.15787 0.0109375 0.0268519
0 0.36224 0.637963 0.0109375 0.0259259
