0 0.816927 0.475926 0.0109375 0.0259259
0 0.136719 0.948611 0.0109375 0.0268519
0 0.121094 0.832407 0.0109375 0.0259259
0 0.610677 0.463426 0.0109375 0.025
0 0.59401 0.541204 0.0109375 0.025
0 0.865885 0.593518 0.0109375 0.0259259
0 0.665885 0.52963 0.0109375 0.0259259
0 0.79401 0.730556 0.0109375 0.0259259
0 0.108594 0.902778 0.0109375 0.0259259
0 0.221875 0.80787 0.0104167 0.025
0 0.822135 0.528704 0.0109375 0.0259259
0 0.643229 0.784259 0.0104167 0.0240741
0 0.310677 0.727315 0.0109375 0.025
0 0.789323 0.569444 0.0109375 0.0259259
0 0.583333 0.480093 0.0104167 0.025
0 0.617448 0.613889 0.0109375 0.0259259
