0 0.996615 0.578704 0.00677083 0.0259259
0 0.925521 0.4875 0.0104167 0.025
0 0.0455729 0.652778 0.0109375 0.0259259
0 0.941927 0.898611 0.0109375 0.025
0 0.744271 0.728704 0.0104167 0.0240741
0 0.295052 0.588426 0.0109375 0.025
0 0.671094 0.271759 0.0109375 0.025
0 0.71849 0.818056 0.0109375 0.025
0 0.532031 0.750926 0.00989583 0.0240741
0 0.56276 0.55463 0.0109375 0.0259259
0 0.402344 0.206019 0.0109375 0.025
0 0.260677 0.422222 0.0109375 0.0259259
0 0.220313 0.331944 0.0104167 0.025
0 0.40651 0.919444 0.0109375 0.0259259
0 0.53125 0.693056 0.0104167 0.025
0 0.971354 0.785185 0.0104167 0.0240741
0 0.60026 0.730556 0.0109375 0.0259259
0 0.415885 0.468519 0.0109375 0.0259259
0 0.139323 0.923148 0.0109375 0.0259259
0 0.358073 0.373148 0.0109375 0.0259259
0 0.68724 0.540741 0.0109375 0.0259259
0 0.482031 0.486574 0.0109375 0.0268519
0 0.63776 0.651852 0.0109375 0.0259259
0 0.397917 0.68287 0.0104167 0.025
0 0.351042 0.52037 0.0104167 0.0259259
0 0.195573 0.896759 0.0109375 0.025
0 0.570833 0.26713 0.0104167 0.025
0 0.395312 0.728704 0.0104167 0.0240741
0 0.708073 0.646759 0.0109375 0.025
0 0.0302083 0.710185 0.0104167 0.0240741
0 0.494531 0.324537 0.0109375 0.025
0 0.269792 0.327778 0.0104167 0.0240741
0 0.570833 0.879167 0.0104167 0.025
0 0.52474 0.425463 0.0109375 0.025
0 0.0622396 0.958333 0.0109375 0.0259259
0 0.0835937 0.0138889 0.0109375 0.0259259
0 0.378646 0.64537 0.0114583 0.0277778
0 0.317708 0.127315 0.0104167 0.025
0 0.621354 0.323611 0.0104167 0.025
0 0.848177 0.880556 0.0109375 0.0259259
0 0.81875 0.25463 0.0104167 0.0259259
0 0.153125 0.0615741 0.0104167 0.025
0 0.514063 0.791204 0.0104167 0.025
0 0.466406 0.372222 0.0109375 0.0259259
0 0.272656 0.808796 0.0109375 0.025
0 0.392188 0.802315 0.0104167 0.025
0 0.165885 0.13287 0.0109375 0.025
0 0.689062 0.7125 0.0104167 0.025
0 0.326823 0.870833 0.0109375 0.025
0 0.326823 0.9375 0.0109375 0.0268519
