0 0.927604 0.564352 0.0104167 0.025
0 0.933854 0.51713 0.0104167 0.025
0 0.927865 0.744444 0.0109375 0.0259259
0 0.920833 0.42037 0.0104167 0.0240741
0 0.87474 0.49537 0.0109375 0.0259259
0 0.981771 0.143981 0.0104167 0.025
0 0.970833 0.226389 0.0104167 0.025
0 0.336979 0.865278 0.0104167 0.025
0 0.473177 0.448611 0.0109375 0.025
0 0.475521 0.539352 0.0104167 0.025
0 0.476302 0.95463 0.0109375 0.0259259
0 0.0166667 0.621296 0.0104167 0.0240741
0 0.42526 0.866204 0.0109375 0.025
0 0.0648438 0.0472222 0.0109375 0.0259259
0 0.10026 0.6875 0.0109375 0.025
0 0.127344 0.175 0.0109375 0.0259259
0 0.108333 0.290278 0.0104167 0.025
0 0.0255208 0.250463 0.0104167 0.025
0 0.80599 0.72963 0.0109375 0.0259259
0 0.164062 0.301389 0.0104167 0.025
0 0.0414063 0.0675926 0.0109375 0.0259259
0 0.208073 0.39213 0.0109375 0.025
0 0.241406 0.767593 0.0109375 0.0259259
0 0.559115 0.300926 0.0109375 0.0259259
0 0.945052 0.427778 0.0109375 0.0259259
0 0.640885 0.371759 0.0109375 0.025
0 0.0476562 0.194907 0.0109375 0.025
0 0.341927 0.4 0.0109375 0.0259259
0 0.0908854 0.840741 0.0109375 0.0259259
0 0.248958 0.412963 0.0104167 0.0240741
0 0.155208 0.358333 0.0104167 0.0259259
0 0.955469 0.348148 0.0109375 0.0259259
