0 0.00286458 0.973611 0.00572917 0.025
0 0.180729 0.123611 0.0104167 0.025
0 0.791927 0.126852 0.0119792 0.0277778
0 0.786458 0.408333 0.0114583 0.0277778
0 0.574479 0.165278 0.0104167 0.025
0 0.121354 0.873148 0.0104167 0.0240741
0 0.253125 0.654167 0.0104167 0.025
0 0.941406 0.274537 0.0109375 0.025
0 0.226042 0.674537 0.0104167 0.025
0 0.422656 0.972222 0.0109375 0.0259259
0 0.883073 0.652778 0.0109375 0.0259259
0 0.834115 0.037963 0.0109375 0.0259259
0 0.300781 0.252778 0.0109375 0.0259259
0 0.894531 0.825926 0.0109375 0.0259259
0 0.198958 0.786574 0.0104167 0.025
0 0.197656 0.322685 0.0109375 0.025
0 0.889063 0.56713 0.0104167 0.025
0 0.16276 0.355556 0.0109375 0.0259259
0 0.422135 0.542593 0.0109375 0.0259259
0 0.0708333 0.350926 0.0104167 0.0259259
0 0.408854 0.291204 0.0104167 0.025
0 0.447135 0.261111 0.0109375 0.0259259
0 0.760156 0.669444 0.0109375 0.0259259
0 0.905208 0.50787 0.0104167 0.025
0 0.744531 0.150926 0.0109375 0.0259259
0 0.988802 0.515741 0.0109375 0.0240741
0 0.391406 0.112963 0.0109375 0.0259259
0 0.153906 0.0675926 0.0109375 0.0259259
0 0.860156 0.923148 0.0109375 0.0259259
0 0.654427 0.5 0.0109375 0.0259259
0 0.0395833 0.424537 0.0104167 0.025
0 0.310677 0.337963 0.0109375 0.0259259
0 0.729948 0.784722 0.0109375 0.025
0 0.859115 0.144907 0.0109375 0.025
0 0.855469 0.302315 0.0109375 0.0268519
0 0.539583 0.31713 0.0104167 0.025
0 0.38776 0.646296 0.0109375 0.0259259
0 0.435417 0.0393519 0.0104167 0.025
0 0.958594 0.199074 0.0109375 0.0259259
0 0.196615 0.0259259 0.0109375 0.0259259
0 0.498437 0.549074 0.0104167 0.0259259
0 0.939323 0.468056 0.0109375 0.025
0 0.910156 0.623611 0.0109375 0.025
0 0.579687 0.265278 0.0104167 0.025
0 0.972135 0.113426 0.0109375 0.025
0 0.733073 0.524074 0.0109375 0.0259259
0 0.735156 0.590741 0.0109375 0.0259259
0 0.673698 0.605556 0.0109375 0.0259259
