0 0.0786458 0.676852 0.0104167 0.0240741
0 0.277865 0.366667 0.0109375 0.0259259
0 0.991146 0.976852 0.0104167 0.0259259
0 0.290885 0.961111 0.0109375 0.0259259
0 0.870313 0.810185 0.0114583 0.0259259
0 0.482552 0.0768519 0.0109375 0.0259259
0 0.313281 0.612037 0.0109375 0.0259259
0 0.626042 0.740278 0.0114583 0.0268519
0 0.53151 0.876852 0.0109375 0.0259259
0 0.808333 0.881481 0.0104167 0.0259259
0 0.298698 0.796759 0.0109375 0.025
0 0.497135 0.487037 0.0109375 0.0259259
0 0.528385 0.0787037 0.0109375 0.0259259
0 0.965104 0.141204 0.0104167 0.025
0 0.176563 0.099537 0.0114583 0.0268519
0 0.426042 0.540278 0.0104167 0.025
0 0.648177 0.511111 0.0109375 0.0259259
0 0.332552 0.976852 0.0109375 0.0259259
0 0.0726563 0.437963 0.0109375 0.0259259
0 0.816927 0.561574 0.0109375 0.025
0 0.88099 0.293519 0.0109375 0.0259259
0 0.532031 0.818981 0.0109375 0.025
0 0.911719 0.736111 0.0109375 0.0259259
0 0.314844 0.0694444 0.0109375 0.0259259
0 0.498698 0.826852 0.0109375 0.0259259
0 0.621615 0.0819444 0.0109375 0.025
0 0.0429688 0.62037 0.0109375 0.0259259
0 0.892448 0.50787 0.0109375 0.025
0 0.0807292 0.843518 0.0104167 0.0259259
0 0.44349 0.47963 0.0109375 0.0259259
0 0.30651 0.239815 0.0109375 0.0259259
0 0.566406 0.882407 0.0109375 0.0259259
0 0.658854 0.0847222 0.0104167 0.025
0 0.122917 0.784722 0.0104167 0.025
0 0.646615 0.591667 0.00989583 0.0240741
0 0.804948 0.927315 0.0109375 0.025
0 0.903906 0.137037 0.0109375 0.0259259
0 0.0734375 0.515278 0.0104167 0.025
0 0.863281 0.0717593 0.0109375 0.025
0 0.0726563 0.761111 0.0109375 0.0259259
0 0.878906 0.593982 0.0109375 0.025
0 0.730469 0.0898148 0.0109375 0.0259259
0 0.815365 0.0402778 0.0109375 0.025
0 0.873177 0.348611 0.0109375 0.025
