0 0.828646 0.0115741 0.0104167 0.0231481
0 0.783594 0.0717593 0.0109375 0.025
0 0.595052 0.519444 0.0109375 0.0259259
0 0.147656 0.263889 0.0109375 0.0259259
0 0.377344 0.127315 0.0109375 0.025
0 0.466146 0.706481 0.0104167 0.0240741
0 0.311198 0.0518519 0.0109375 0.0259259
0 0.276302 0.0777778 0.0109375 0.0259259
0 0.290365 0.775 0.0109375 0.0259259
0 0.580469 0.437963 0.0109375 0.0259259
0 0.423177 0.873148 0.0109375 0.0259259
0 0.363802 0.0291667 0.0109375 0.025
0 0.20026 0.8375 0.0109375 0.025
0 0.347917 0.0939815 0.0104167 0.025
