0 0.129167 0.839352 0.0104167 0.025
0 0.385677 0.0324074 0.0109375 0.0259259
0 0.544531 0.0759259 0.0109375 0.0259259
0 0.0861979 0.343981 0.0109375 0.025
0 0.939323 0.387037 0.00989583 0.0240741
0 0.877083 0.821759 0.0104167 0.025
0 0.705729 0.0634259 0.0104167 0.025
0 0.145052 0.386574 0.0109375 0.025
0 0.0502604 0.59537 0.00989583 0.0240741
0 0.519792 0.384722 0.0104167 0.025
0 0.0270833 0.765741 0.0104167 0.0259259
0 0.989062 0.0851852 0.0114583 0.0259259
0 0.0776042 0.851389 0.0104167 0.025
0 0.172917 0.609722 0.0104167 0.025
0 0.276563 0.896759 0.0104167 0.025
0 0.178125 0.506019 0.0104167 0.025
0 0.245573 0.912037 0.0109375 0.0259259
0 0.0486979 0.800926 0.0109375 0.0259259
0 0.757812 0.111574 0.0104167 0.025
0 0.835156 0.155556 0.0109375 0.0259259
0 0.0559896 0.0708333 0.0109375 0.025
0 0.928646 0.487037 0.0104167 0.0240741
0 0.216406 0.833333 0.0109375 0.0240741
0 0.596615 0.0898148 0.0109375 0.0259259
0 0.950781 0.958333 0.0109375 0.0259259
0 0.110937 0.267593 0.0104167 0.0240741
0 0.148698 0.490278 0.0109375 0.025
0 0.964583 0.855093 0.0104167 0.025
0 0.191927 0.553241 0.0109375 0.025
0 0.680729 0.0958333 0.0104167 0.025
0 0.0802083 0.157407 0.0104167 0.0259259
0 0.86849 0.950926 0.0109375 0.0259259
0 0.23724 0.733796 0.0109375 0.025
0 0.971094 0.919907 0.0109375 0.0268519
0 0.979167 0.755093 0.0104167 0.025
