0 0.215885 0.987037 0.00989583 0.0240741
0 0.201823 0.932407 0.00989583 0.0240741
0 0.996354 0.0481481 0.00729167 0.0240741
0 0.926042 0.343519 0.0104167 0.0259259
0 0.227344 0.289352 0.0109375 0.025
0 0.607292 0.965741 0.0104167 0.0259259
0 0.577344 0.0305556 0.0109375 0.0259259
0 0.723437 0.464352 0.0104167 0.025
0 0.313802 0.464815 0.0109375 0.0259259
0 0.277083 0.799074 0.0104167 0.0240741
0 0.64375 0.506944 0.0104167 0.025
0 0.958594 0.250926 0.0109375 0.0259259
0 0.683854 0.18287 0.0104167 0.025
0 0.526302 0.500926 0.0109375 0.0259259
0 0.794531 0.789815 0.0109375 0.0259259
0 0.192448 0.3 0.0109375 0.0259259
0 0.691146 0.455093 0.0104167 0.025
0 0.236458 0.38287 0.0104167 0.025
0 0.50026 0.577315 0.0109375 0.025
0 0.653385 0.161111 0.0109375 0.0259259
0 0.31224 0.649074 0.0109375 0.0259259
0 0.466927 0.0569444 0.0109375 0.0268519
0 0.95 0.621296 0.0104167 0.0259259
0 0.261719 0.510185 0.0109375 0.0259259
0 0.316406 0.392593 0.0109375 0.0259259
0 0.98099 0.19537 0.0109375 0.0259259
0 0.0799479 0.373611 0.0109375 0.025
0 0.441927 0.718982 0.0109375 0.025
0 0.224479 0.941204 0.0104167 0.025
0 0.800781 0.9125 0.0109375 0.025
0 0.113802 0.324537 0.0109375 0.025
0 0.925521 0.228704 0.0104167 0.0259259
0 0.659115 0.0819444 0.0109375 0.025
0 0.254687 0.78287 0.0104167 0.025
0 0.296875 0.709259 0.0104167 0.0240741
0 0.610156 0.743519 0.0109375 0.0259259
0 0.63099 0.943056 0.0109375 0.025
0 0.344531 0.449074 0.0109375 0.0259259
0 0.974479 0.0675926 0.0104167 0.0240741
0 0.729948 0.746296 0.0109375 0.0259259
0 0.891927 0.0453704 0.0109375 0.0259259
0 0.424479 0.934259 0.0104167 0.0240741
0 0.767187 0.681944 0.0104167 0.025
0 0.455208 0.885648 0.0104167 0.025
