0 0.688802 0.983333 0.0109375 0.0259259
0 0.672135 0.290741 0.0109375 0.0259259
0 0.746094 0.0125 0.0109375 0.025
0 0.813281 0.300926 0.0109375 0.0259259
0 0.808594 0.478241 0.0109375 0.025
0 0.388021 0.0648148 0.0104167 0.0259259
0 0.789844 0.155093 0.0109375 0.0268519
0 0.00598958 0.551852 0.0109375 0.0259259
0 0.940365 0.115741 0.0109375 0.0259259
0 0.847396 0.30463 0.0104167 0.0259259
0 0.584635 0.923611 0.0109375 0.025
0 0.485156 0.119444 0.0109375 0.0259259
0 0.323177 0.0273148 0.0109375 0.0268519
0 0.946615 0.364815 0.0109375 0.0259259
0 0.341406 0.0675926 0.0109375 0.0259259
