0 0.949479 0.743981 0.0104167 0.025
0 0.961458 0.921296 0.0104167 0.0240741
0 0.308594 0.80787 0.0109375 0.025
0 0.27474 0.506944 0.00989583 0.025
0 0.968229 0.1875 0.0104167 0.025
0 0.957031 0.099537 0.0109375 0.025
0 0.219271 0.65 0.0104167 0.0240741
0 0.0570313 0.227778 0.0109375 0.0259259
0 0.283333 0.560648 0.0104167 0.025
0 0.925 0.409722 0.0104167 0.025
0 0.820312 0.0625 0.0104167 0.025
0 0.228646 0.773611 0.0104167 0.025
0 0.207292 0.581481 0.0104167 0.0259259
0 0.302865 0.737963 0.0109375 0.0259259
0 0.320573 0.97037 0.0109375 0.0259259
0 0.833594 0.292593 0.0109375 0.0259259
0 0.284115 0.122222 0.0109375 0.0259259
0 0.86276 0.135185 0.0109375 0.0259259
0 0.196615 0.5125 0.0109375 0.025
0 0.955469 0.82037 0.0109375 0.0259259
0 0.15599 0.515741 0.00989583 0.0240741
0 0.223958 0.168056 0.0104167 0.025
0 0.673698 0.512037 0.0109375 0.0259259
0 0.223958 0.712037 0.0104167 0.0240741
0 0.805469 0.375 0.0109375 0.0259259
