0 0.996875 0.725463 0.00625 0.025
0 0.0539063 0.490278 0.0109375 0.025
0 0.815625 0.940741 0.0104167 0.0240741
0 0.0278646 0.476389 0.0109375 0.025
0 0.870052 0.920833 0.0109375 0.025
0 0.673177 0.484259 0.0109375 0.0259259
0 0.38151 0.17963 0.0109375 0.0259259
0 0.836198 0.494444 0.0109375 0.0259259
0 0.710156 0.262963 0.0109375 0.0259259
0 0.917188 0.718056 0.0104167 0.025
0 0.626302 0.47963 0.0109375 0.0259259
0 0.811458 0.891204 0.0104167 0.025
0 0.986719 0.836111 0.0109375 0.0259259
0 0.586719 0.603241 0.0109375 0.025
0 0.136458 0.88287 0.0104167 0.025
0 0.654688 0.156944 0.0104167 0.025
0 0.26276 0.244907 0.0109375 0.025
0 0.575521 0.657407 0.0104167 0.0240741
