0 0.54349 0.205556 0.0109375 0.0259259
0 0.127604 0.297685 0.0104167 0.025
0 0.177604 0.609722 0.0104167 0.025
0 0.11875 0.640278 0.0104167 0.025
0 0.592188 0.206944 0.0104167 0.025
0 0.304167 0.255093 0.0104167 0.025
0 0.0736979 0.687963 0.0109375 0.0259259
0 0.657292 0.587963 0.0104167 0.0259259
0 0.366406 0.0967593 0.0109375 0.025
0 0.529427 0.544907 0.0109375 0.025
0 0.655469 0.413426 0.0109375 0.0268519
0 0.0481771 0.710185 0.0109375 0.0259259
0 0.633333 0.760185 0.0104167 0.0259259
0 0.389062 0.0773148 0.0104167 0.025
0 0.35651 0.47037 0.0109375 0.0259259
0 0.621615 0.472222 0.0109375 0.0259259
0 0.847917 0.0513889 0.0104167 0.025
0 0.509896 0.496759 0.0104167 0.025
0 0.711198 0.727778 0.0109375 0.0259259
0 0.558333 0.648611 0.0104167 0.025
0 0.784375 0.949074 0.0104167 0.0259259
0 0.508073 0.881944 0.0109375 0.025
0 0.633073 0.264352 0.0109375 0.025
0 0.0164062 0.538426 0.0109375 0.025
0 0.542448 0.0425926 0.0109375 0.0259259
0 0.809115 0.926389 0.0109375 0.025
0 0.0497396 0.50787 0.0109375 0.025
0 0.0471354 0.448611 0.0109375 0.025
0 0.401302 0.360185 0.0109375 0.0259259
0 0.870052 0.0375 0.00989583 0.025
0 0.228125 0.396759 0.0104167 0.025
0 0.752083 0.400926 0.0104167 0.0240741
0 0.342969 0.215278 0.0109375 0.0268519
0 0.500781 0.416667 0.0109375 0.0259259
0 0.0721354 0.487963 0.0109375 0.0259259
0 0.396094 0.47037 0.0109375 0.0259259
0 0.764844 0.842593 0.0109375 0.0259259
0 0.505208 0.0921296 0.0104167 0.025
