0 0.0747396 0.25463 0.0109375 0.0259259
0 0.125781 0.0425926 0.0109375 0.0259259
0 0.114844 0.610648 0.0109375 0.025
0 0.503385 0.333796 0.0109375 0.025
0 0.944531 0.403241 0.0109375 0.025
0 0.203385 0.143519 0.0109375 0.0259259
0 0.54375 0.122222 0.0104167 0.0259259
0 0.807552 0.532407 0.0109375 0.0259259
0 0.732031 0.423148 0.0109375 0.0259259
0 0.847656 0.5 0.0109375 0.0240741
0 0.132031 0.780556 0.0109375 0.0259259
0 0.123698 0.496296 0.0109375 0.0259259
0 0.120573 0.113889 0.0109375 0.0259259
0 0.969531 0.404167 0.0109375 0.025
0 0.601562 0.148611 0.0104167 0.025
0 0.651302 0.378704 0.0109375 0.0259259
0 0.113802 0.890278 0.0109375 0.025
0 0.0195312 0.175926 0.0109375 0.0259259
0 0.0424479 0.974074 0.0109375 0.0259259
0 0.43776 0.6375 0.0109375 0.025
0 0.594531 0.215278 0.0109375 0.025
0 0.155469 0.458333 0.0109375 0.0259259
0 0.161719 0.958333 0.0109375 0.0259259
0 0.226823 0.258333 0.0109375 0.0259259
