0 0.4625 0.202778 0.0104167 0.0259259
0 0.0736979 0.465278 0.0109375 0.025
0 0.436719 0.306481 0.0109375 0.0259259
0 0.325781 0.14537 0.0109375 0.0259259
0 0.407031 0.0481481 0.0109375 0.0259259
0 0.543229 0.760648 0.0104167 0.025
0 0.0520833 0.810648 0.0104167 0.025
0 0.823698 0.952315 0.0109375 0.025
0 0.833594 0.139815 0.0109375 0.0259259
0 0.260677 0.597685 0.0109375 0.025
0 0.186979 0.666667 0.0104167 0.0259259
0 0.0763021 0.774074 0.0109375 0.0259259
0 0.395052 0.406944 0.0109375 0.025
0 0.259896 0.281944 0.0104167 0.025
0 0.703385 0.144444 0.0109375 0.0259259
0 0.354948 0.449074 0.0109375 0.0259259
0 0.677604 0.185185 0.0104167 0.0259259
0 0.297656 0.24213 0.00989583 0.025
0 0.777604 0.191204 0.0104167 0.025
0 0.0200521 0.759259 0.0109375 0.0259259
0 0.0166667 0.523611 0.0104167 0.025
0 0.633073 0.334259 0.0109375 0.0259259
0 0.342969 0.706481 0.0109375 0.0259259
0 0.00572917 0.858333 0.0104167 0.0259259
0 0.338281 0.769907 0.0109375 0.025
0 0.748177 0.218981 0.0109375 0.025
0 0.151823 0.67037 0.0109375 0.0259259
0 0.638542 0.206019 0.0104167 0.025
0 0.753385 0.0888889 0.0109375 0.0259259
0 0.677344 0.727315 0.0109375 0.025
0 0.565104 0.2625 0.0104167 0.025
0 0.129948 0.377778 0.0109375 0.0259259
0 0.874219 0.102315 0.0109375 0.025
