0 0.0794271 0.143519 0.0109375 0.0259259
0 0.0809896 0.829167 0.00989583 0.025
0 0.670573 0.358333 0.00989583 0.0240741
0 0.43151 0.374074 0.0109375 0.0259259
0 0.327083 0.676389 0.0104167 0.025
0 0.36849 0.333333 0.0109375 0.0259259
0 0.934635 0.775463 0.0109375 0.025
0 0.877344 0.746296 0.0109375 0.0259259
0 0.334115 0.311111 0.0109375 0.0259259
0 0.523698 0.731944 0.0109375 0.025
0 0.20599 0.744444 0.0109375 0.0259259
0 0.791927 0.696296 0.0109375 0.0259259
0 0.233854 0.549074 0.0104167 0.0259259
0 0.49349 0.185648 0.0109375 0.025
0 0.78125 0.899074 0.0104167 0.0259259
0 0.732552 0.867593 0.0109375 0.0259259
0 0.310677 0.775463 0.0109375 0.025
0 0.659896 0.821296 0.0104167 0.0259259
0 0.285937 0.246296 0.0104167 0.0259259
0 0.84349 0.721296 0.0109375 0.0259259
0 0.702344 0.847685 0.0109375 0.025
0 0.304948 0.293519 0.0109375 0.0259259
0 0.323177 0.602778 0.0109375 0.0259259
0 0.889323 0.969444 0.0109375 0.0259259
0 0.461198 0.69213 0.0109375 0.025
0 0.504948 0.422222 0.0109375 0.0259259
0 0.19974 0.8 0.0109375 0.0259259
0 0.354948 0.247222 0.0109375 0.0259259
0 0.417448 0.662963 0.0109375 0.0259259
