0 0.996094 0.183333 0.0078125 0.0277778
0 0.444531 0.733333 0.0109375 0.0259259
0 0.0226563 0.729167 0.0109375 0.025
0 0.80625 0.8 0.0104167 0.0259259
0 0.223698 0.819444 0.0119792 0.0277778
0 0.868229 0.427315 0.0104167 0.025
0 0.29974 0.406944 0.0109375 0.025
0 0.630469 0.5 0.0109375 0.0259259
0 0.49401 0.950926 0.0109375 0.0259259
0 0.580729 0.652315 0.0104167 0.025
0 0.157292 0.290278 0.0104167 0.025
0 0.74349 0.705556 0.0109375 0.0259259
0 0.835677 0.46713 0.0109375 0.025
0 0.910156 0.12963 0.0109375 0.0259259
0 0.0927083 0.620833 0.0104167 0.025
0 0.422135 0.631481 0.0109375 0.0259259
0 0.509115 0.57963 0.0109375 0.0259259
0 0.480208 0.647685 0.0104167 0.025
0 0.674219 0.592593 0.0109375 0.0259259
0 0.176302 0.402315 0.0109375 0.025
0 0.85026 0.870833 0.0109375 0.025
0 0.920313 0.347222 0.0104167 0.0240741
0 0.392188 0.480556 0.0104167 0.0259259
0 0.253906 0.753704 0.0109375 0.0259259
0 0.0502604 0.613889 0.0109375 0.0259259
0 0.824479 0.245833 0.0104167 0.025
