0 0.796094 0.616204 0.0109375 0.0268519
0 0.728646 0.708796 0.0104167 0.025
0 0.968229 0.10787 0.0104167 0.025
0 0.64349 0.533333 0.0109375 0.0259259
0 0.951823 0.651852 0.00989583 0.0240741
0 0.115885 0.538889 0.0109375 0.0259259
0 0.832031 0.862037 0.0109375 0.0259259
0 0.420052 0.418519 0.0109375 0.0259259
0 0.0479167 0.576852 0.0104167 0.0240741
0 0.817187 0.651389 0.0114583 0.0268519
0 0.690885 0.556944 0.0109375 0.025
0 0.947917 0.219907 0.0104167 0.025
0 0.76224 0.478704 0.0109375 0.0259259
0 0.876823 0.666204 0.0109375 0.025
0 0.722135 0.746759 0.0109375 0.025
0 0.343229 0.389815 0.0104167 0.0259259
0 0.976042 0.0694444 0.0104167 0.0259259
0 0.877865 0.558796 0.0109375 0.025
0 0.851823 0.752778 0.0109375 0.0259259
0 0.792448 0.174537 0.0109375 0.025
0 0.669531 0.733333 0.0109375 0.0259259
