0 0.0460938 0.0907407 0.00989583 0.0240741
0 0.914844 0.898148 0.0109375 0.0259259
0 0.00729167 0.80787 0.0104167 0.025
0 0.11276 0.552315 0.0109375 0.0268519
0 0.297656 0.983333 0.0109375 0.0259259
0 0.148698 0.540741 0.0109375 0.0259259
0 0.738802 0.680093 0.0109375 0.025
0 0.77526 0.472222 0.0109375 0.0259259
0 0.148698 0.592593 0.0109375 0.0259259
0 0.854948 0.9375 0.0109375 0.025
0 0.817708 0.865278 0.0104167 0.025
0 0.0789063 0.508333 0.0109375 0.0259259
0 0.214844 0.803241 0.0109375 0.0268519
