0 0.315104 0.651852 0.0104167 0.0240741
0 0.0122396 0.965278 0.0109375 0.025
0 0.796354 0.0291667 0.0104167 0.025
0 0.0476562 0.506019 0.0109375 0.025
0 0.979167 0.273611 0.0104167 0.025
0 0.955729 0.4625 0.0104167 0.025
0 0.708594 0.410185 0.0109375 0.0259259
0 0.584896 0.826389 0.0104167 0.025
0 0.451823 0.73287 0.0109375 0.025
0 0.132552 0.552778 0.0109375 0.0259259
0 0.970573 0.342593 0.0109375 0.0259259
0 0.97474 0.553241 0.0109375 0.025
0 0.188281 0.583333 0.0109375 0.0259259
0 0.513542 0.784722 0.0104167 0.025
0 0.739844 0.144907 0.0109375 0.025
0 0.285677 0.636111 0.0109375 0.0259259
0 0.104687 0.537963 0.0104167 0.0259259
0 0.676562 0.688889 0.0104167 0.0240741
0 0.18099 0.365741 0.0109375 0.0259259
0 0.752865 0.237963 0.0109375 0.0259259
0 0.713802 0.363426 0.0109375 0.025
0 0.985417 0.224074 0.0104167 0.0259259
0 0.722135 0.298148 0.0109375 0.0259259
0 0.630469 0.587037 0.0109375 0.0259259
0 0.56901 0.891667 0.0109375 0.0259259
0 0.228906 0.268519 0.0109375 0.0259259
0 0.377083 0.685185 0.0104167 0.0259259
0 0.990365 0.172222 0.0109375 0.0259259
0 0.327083 0.490741 0.0104167 0.0259259
