0 0.951042 0.012037 0.0104167 0.0240741
0 0.83776 0.300463 0.0109375 0.025
0 0.940104 0.328241 0.0104167 0.025
0 0.963542 0.331481 0.0104167 0.0240741
0 0.201562 0.165741 0.0114583 0.0277778
0 0.406771 0.763426 0.0104167 0.025
0 0.94401 0.177778 0.0109375 0.0259259
0 0.800781 0.980556 0.0109375 0.0259259
0 0.69974 0.431944 0.0109375 0.025
0 0.127083 0.231481 0.0104167 0.0240741
0 0.341667 0.241204 0.0104167 0.025
0 0.9625 0.524537 0.0104167 0.025
0 0.89349 0.415278 0.0109375 0.025
0 0.234896 0.173611 0.0104167 0.025
0 0.451302 0.867593 0.0109375 0.0259259
0 0.291406 0.412037 0.0109375 0.0259259
0 0.81875 0.718982 0.0104167 0.025
0 0.296094 0.931481 0.0109375 0.0259259
0 0.25651 0.702778 0.0109375 0.0259259
0 0.420312 0.959722 0.0104167 0.025
0 0.29375 0.170833 0.0104167 0.025
0 0.318229 0.340278 0.0104167 0.025
0 0.853906 0.0462963 0.0109375 0.0259259
0 0.961458 0.568056 0.0104167 0.025
0 0.832552 0.95463 0.0109375 0.0259259
0 0.957031 0.747222 0.0109375 0.0259259
0 0.432292 0.760648 0.0104167 0.025
0 0.327344 0.971759 0.0109375 0.025
0 0.0666667 0.0560185 0.0104167 0.025
0 0.69349 0.648611 0.0109375 0.025
0 0.160156 0.503704 0.0109375 0.0259259
0 0.809635 0.62963 0.0109375 0.0259259
0 0.916146 0.662037 0.0104167 0.0259259
0 0.316146 0.268981 0.0104167 0.025
0 0.595833 0.535185 0.0104167 0.0259259
0 0.285677 0.0800926 0.0109375 0.025
0 0.445052 0.592593 0.0109375 0.0259259
0 0.107552 0.109259 0.0109375 0.0259259
0 0.954948 0.82963 0.0109375 0.0259259
0 0.180729 0.249074 0.0104167 0.0259259
0 0.942708 0.273148 0.0104167 0.0259259
0 0.96276 0.638426 0.0109375 0.025
0 0.829948 0.527315 0.0109375 0.025
0 0.83099 0.80463 0.0109375 0.0259259
0 0.55599 0.191667 0.0109375 0.0259259
0 0.805469 0.805093 0.0109375 0.025
0 0.402865 0.597222 0.0109375 0.0259259
0 0.990365 0.0861111 0.0109375 0.0259259
0 0.811198 0.571296 0.0109375 0.0259259
0 0.276823 0.815741 0.0109375 0.0259259
0 0.414323 0.337037 0.0109375 0.0259259
0 0.491927 0.0902778 0.0109375 0.025
0 0.851823 0.213889 0.0109375 0.0259259
