0 0.572656 0.584722 0.0119792 0.0268519
0 0.240625 0.208796 0.0104167 0.025
0 0.417969 0.206019 0.0109375 0.025
0 0.178125 0.188426 0.0104167 0.025
0 0.213021 0.398611 0.0114583 0.0268519
0 0.153906 0.233333 0.0109375 0.0259259
0 0.582031 0.287963 0.0109375 0.0259259
0 0.00598958 0.468056 0.0109375 0.025
0 0.501042 0.198148 0.0104167 0.0259259
0 0.567187 0.0652778 0.0104167 0.025
0 0.51901 0.339815 0.0109375 0.0259259
0 0.959896 0.466204 0.0104167 0.025
0 0.584635 0.928704 0.0109375 0.0259259
0 0.865365 0.135185 0.0109375 0.0259259
0 0.0705729 0.0912037 0.0109375 0.025
0 0.645052 0.467593 0.0109375 0.0259259
0 0.603385 0.676852 0.0109375 0.0259259
0 0.0252604 0.2 0.0109375 0.0259259
0 0.384115 0.210185 0.0109375 0.0240741
0 0.609115 0.779167 0.0109375 0.025
0 0.844531 0.248148 0.0109375 0.0259259
0 0.00755208 0.274537 0.0109375 0.025
0 0.472135 0.253704 0.0109375 0.0259259
0 0.519792 0.574537 0.0104167 0.025
0 0.949479 0.323611 0.0104167 0.025
0 0.170573 0.44537 0.0109375 0.0259259
0 0.91849 0.475 0.0109375 0.0259259
0 0.271094 0.221759 0.0109375 0.025
0 0.527344 0.0435185 0.0109375 0.0259259
0 0.158594 0.112037 0.0109375 0.0259259
0 0.514583 0.420833 0.0104167 0.025
0 0.226302 0.457407 0.0109375 0.0259259
0 0.0552083 0.516204 0.0104167 0.025
0 0.150781 0.0148148 0.0109375 0.0259259
0 0.332031 0.440741 0.0109375 0.0259259
0 0.626302 0.413889 0.0109375 0.0259259
0 0.0390625 0.113426 0.0104167 0.025
0 0.923698 0.328704 0.0109375 0.0259259
0 0.103906 0.462963 0.0109375 0.0259259
0 0.659635 0.568056 0.0109375 0.025
0 0.719531 0.177778 0.0109375 0.0259259
0 0.989323 0.382407 0.0109375 0.0259259
0 0.158594 0.614815 0.0109375 0.0259259
0 0.923437 0.127315 0.0114583 0.0268519
0 0.661719 0.686111 0.0109375 0.0259259
0 0.977865 0.0935185 0.0109375 0.0259259
0 0.489062 0.794907 0.0104167 0.025
0 0.503385 0.47963 0.0109375 0.0259259
0 0.677344 0.147222 0.0109375 0.0259259
0 0.340365 0.214815 0.0109375 0.0259259
0 0.151823 0.281481 0.0109375 0.0259259
