0 0.534115 0.9875 0.00989583 0.0231481
0 0.00572917 0.0125 0.00833333 0.025
0 0.00494792 0.05 0.00989583 0.0259259
0 0.75026 0.477778 0.0109375 0.0259259
0 0.771354 0.0564815 0.0104167 0.0259259
0 0.0416667 0.972685 0.0104167 0.025
0 0.0882813 0.775926 0.00989583 0.0240741
0 0.614323 0.41713 0.0109375 0.0268519
0 0.113281 0.818519 0.00989583 0.0240741
0 0.0979167 0.406019 0.0104167 0.025
0 0.758594 0.38287 0.0109375 0.025
0 0.753385 0.0953704 0.00989583 0.0240741
0 0.696354 0.277315 0.0104167 0.025
0 0.0322917 0.579167 0.0104167 0.025
0 0.860937 0.1625 0.0104167 0.025
0 0.0304688 0.711111 0.0109375 0.0259259
0 0.0151042 0.502778 0.0104167 0.0259259
0 0.448698 0.973611 0.0109375 0.025
0 0.570052 0.551852 0.0109375 0.0259259
0 0.417708 0.9625 0.0104167 0.025
0 0.678385 0.623148 0.0109375 0.0259259
0 0.111458 0.368519 0.0104167 0.0240741
