0 0.699219 0.624537 0.00989583 0.0231481
0 0.0322917 0.395833 0.0104167 0.025
0 0.68099 0.985185 0.0109375 0.0259259
0 0.658073 0.743519 0.0109375 0.0259259
0 0.132552 0.407407 0.0109375 0.0259259
0 0.394792 0.618981 0.0104167 0.025
0 0.0372396 0.025463 0.0109375 0.0268519
0 0.534635 0.269444 0.0109375 0.0259259
0 0.452604 0.269907 0.0104167 0.025
0 0.978906 0.893519 0.0109375 0.0259259
0 0.593229 0.108796 0.0104167 0.025
0 0.14349 0.0310185 0.0109375 0.0268519
0 0.223698 0.93287 0.0109375 0.025
0 0.353906 0.861574 0.0109375 0.025
0 0.101823 0.210185 0.0109375 0.0259259
0 0.535677 0.316667 0.0109375 0.0259259
0 0.47526 0.617593 0.0109375 0.0259259
0 0.720573 0.103704 0.0109375 0.0259259
0 0.710417 0.662963 0.0104167 0.0259259
0 0.204948 0.0564815 0.0109375 0.0259259
0 0.885156 0.222222 0.0109375 0.0259259
0 0.120052 0.328704 0.0109375 0.0259259
0 0.916146 0.373611 0.0104167 0.025
0 0.200781 0.714815 0.0109375 0.0259259
0 0.547135 0.113889 0.0109375 0.0259259
0 0.513021 0.361574 0.0114583 0.0268519
0 0.520052 0.525926 0.0109375 0.0259259
0 0.971615 0.699074 0.0109375 0.0259259
0 0.851302 0.413426 0.0109375 0.025
0 0.0888021 0.127778 0.0109375 0.0259259
0 0.759896 0.55463 0.0104167 0.0259259
0 0.804948 0.45787 0.0109375 0.025
0 0.952865 0.306944 0.0109375 0.025
0 0.739844 0.203704 0.0109375 0.0259259
0 0.802865 0.816667 0.0109375 0.0259259
