0 0.996615 0.526852 0.00677083 0.0240741
0 0.996094 0.0731481 0.0078125 0.0240741
0 0.424479 0.0773148 0.0104167 0.025
0 0.996354 0.180556 0.00729167 0.0240741
0 0.84974 0.922222 0.0109375 0.0259259
0 0.0151042 0.3875 0.0104167 0.025
0 0.524479 0.0981481 0.0104167 0.0240741
0 0.490104 0.0643518 0.0114583 0.0268519
0 0.683854 0.827315 0.0104167 0.025
0 0.983333 0.112037 0.0104167 0.0259259
0 0.313802 0.715278 0.0109375 0.025
0 0.359375 0.152778 0.0104167 0.0259259
0 0.589583 0.918981 0.0104167 0.025
0 0.146094 0.687037 0.0109375 0.0259259
0 0.545573 0.962963 0.0109375 0.0259259
0 0.499219 0.850926 0.0109375 0.0259259
0 0.886979 0.906944 0.0104167 0.025
0 0.584635 0.0990741 0.0109375 0.0259259
0 0.384896 0.154167 0.0104167 0.025
0 0.110156 0.747222 0.0109375 0.0259259
0 0.607552 0.131481 0.0109375 0.0259259
0 0.514583 0.369444 0.0104167 0.0259259
0 0.0674479 0.5625 0.0109375 0.025
0 0.657812 0.284722 0.0104167 0.025
0 0.870833 0.534259 0.0104167 0.0259259
0 0.0976562 0.675463 0.0109375 0.025
0 0.594531 0.768981 0.0109375 0.025
0 0.817969 0.651852 0.0109375 0.0259259
0 0.727865 0.783333 0.0109375 0.0259259
0 0.0664062 0.156944 0.0109375 0.025
0 0.209635 0.880556 0.0109375 0.0259259
0 0.965365 0.934722 0.0109375 0.025
0 0.645573 0.863889 0.0109375 0.0259259
0 0.0411458 0.48287 0.0104167 0.025
0 0.025 0.525926 0.0104167 0.0240741
0 0.96849 0.500463 0.0109375 0.025
0 0.626302 0.19537 0.0109375 0.0259259
0 0.759635 0.718518 0.0109375 0.0259259
0 0.915885 0.634722 0.0109375 0.025
