0 0.45026 0.788426 0.0109375 0.025
0 0.0898438 0.765741 0.00989583 0.0240741
0 0.116927 0.779167 0.0109375 0.025
0 0.521875 0.919444 0.0104167 0.0240741
0 0.360156 0.294907 0.0109375 0.025
0 0.35599 0.952778 0.0109375 0.0259259
0 0.682031 0.711111 0.0109375 0.0259259
0 0.139844 0.789815 0.0109375 0.0259259
0 0.240885 0.916667 0.0109375 0.0259259
0 0.0169271 0.909722 0.0109375 0.025
0 0.392448 0.3125 0.0109375 0.025
0 0.340365 0.759259 0.0109375 0.0259259
0 0.155208 0.182407 0.0104167 0.0259259
0 0.116927 0.624074 0.0109375 0.0259259
0 0.922656 0.910185 0.0109375 0.0259259
0 0.697135 0.442593 0.0109375 0.0259259
0 0.213802 0.670833 0.0109375 0.025
0 0.476823 0.383333 0.0109375 0.0259259
0 0.260156 0.848148 0.0109375 0.0259259
0 0.973698 0.548611 0.0109375 0.025
0 0.87526 0.570833 0.0109375 0.025
0 0.44349 0.315741 0.0109375 0.0259259
0 0.652344 0.885185 0.0109375 0.0259259
0 0.540365 0.393519 0.0109375 0.0259259
0 0.616927 0.436574 0.0109375 0.025
0 0.971094 0.706481 0.0109375 0.0259259
0 0.453385 0.575 0.0109375 0.0259259
0 0.34974 0.887037 0.0109375 0.0259259
0 0.545573 0.834722 0.0109375 0.0268519
0 0.14974 0.946296 0.0109375 0.0259259
