0 0.80651 0.284722 0.0109375 0.025
0 0.319271 0.622685 0.0104167 0.025
0 0.544792 0.826389 0.0104167 0.025
0 0.395573 0.916204 0.0109375 0.025
0 0.270833 0.896759 0.0104167 0.025
0 0.73776 0.191667 0.00989583 0.0240741
0 0.864583 0.227315 0.0104167 0.025
0 0.93099 0.356481 0.0109375 0.0259259
0 0.849479 0.311111 0.0114583 0.0259259
0 0.205469 0.383333 0.0109375 0.0259259
0 0.215885 0.506944 0.0109375 0.025
0 0.513281 0.0675926 0.0109375 0.0259259
0 0.992448 0.390741 0.0109375 0.0259259
0 0.582552 0.114815 0.0109375 0.0259259
0 0.40651 0.85463 0.0109375 0.0259259
0 0.778646 0.27037 0.0104167 0.0259259
0 0.669792 0.155093 0.0104167 0.025
0 0.729948 0.241204 0.0109375 0.025
0 0.590885 0.314352 0.0109375 0.025
0 0.523177 0.192593 0.0109375 0.0259259
0 0.592708 0.178241 0.0104167 0.025
