0 0.425 0.65463 0.0104167 0.0259259
0 0.894792 0.765741 0.0114583 0.0277778
0 0.974219 0.614352 0.0109375 0.025
0 0.590885 0.609722 0.0109375 0.025
0 0.16901 0.929167 0.0109375 0.025
0 0.571094 0.31713 0.0109375 0.0268519
0 0.433073 0.898611 0.0109375 0.025
0 0.975781 0.283796 0.0109375 0.025
0 0.622135 0.606944 0.0109375 0.025
0 0.223958 0.747685 0.0104167 0.025
0 0.203906 0.560648 0.0109375 0.025
0 0.73151 0.0583333 0.0109375 0.0259259
0 0.532292 0.825463 0.0104167 0.025
0 0.811198 0.495833 0.0109375 0.025
0 0.973437 0.651389 0.0104167 0.025
0 0.721354 0.483796 0.0104167 0.025
0 0.201042 0.786111 0.0114583 0.0259259
0 0.161198 0.758796 0.0109375 0.025
0 0.976562 0.0652778 0.0104167 0.025
0 0.824479 0.204167 0.0104167 0.025
0 0.830469 0.918519 0.0109375 0.0259259
0 0.810156 0.620833 0.00989583 0.025
0 0.770833 0.495833 0.0104167 0.025
0 0.809115 0.879167 0.0109375 0.025
0 0.503906 0.6625 0.0109375 0.025
0 0.595052 0.800926 0.0109375 0.0259259
0 0.763802 0.162037 0.0109375 0.0259259
0 0.595312 0.968518 0.0104167 0.0259259
0 0.580729 0.569907 0.0104167 0.025
0 0.974219 0.54537 0.0109375 0.0259259
0 0.809635 0.727778 0.0109375 0.0259259
0 0.425 0.489352 0.0104167 0.025
0 0.811719 0.356481 0.0109375 0.0259259
0 0.667969 0.350926 0.0109375 0.0259259
0 0.976823 0.124537 0.0109375 0.025
0 0.849219 0.457407 0.0109375 0.0259259
0 0.179948 0.88287 0.0109375 0.0268519
