0 0.702344 0.526389 0.00989583 0.0231481
0 0.174479 0.766204 0.0104167 0.025
0 0.515885 0.612963 0.0109375 0.0277778
0 0.340885 0.253704 0.0109375 0.0259259
0 0.160938 0.584259 0.0104167 0.0259259
0 0.477344 0.275 0.0109375 0.0259259
0 0.182031 0.0787037 0.0109375 0.0259259
0 0.613802 0.441667 0.0109375 0.0259259
0 0.69375 0.563889 0.0104167 0.0240741
0 0.148698 0.0277778 0.0109375 0.0259259
0 0.726042 0.531944 0.0104167 0.025
0 0.123698 0.4625 0.00989583 0.025
0 0.125521 0.24213 0.0104167 0.025
0 0.824219 0.561111 0.0109375 0.0259259
0 0.175781 0.666667 0.0109375 0.0259259
0 0.248698 0.44537 0.0109375 0.0259259
0 0.394531 0.62037 0.0109375 0.0259259
0 0.355469 0.944444 0.0109375 0.0277778
0 0.451823 0.986111 0.0109375 0.0259259
0 0.367708 0.0925926 0.0104167 0.0240741
0 0.767969 0.285185 0.0109375 0.0259259
0 0.367969 0.0162037 0.0109375 0.0268519
0 0.71276 0.926389 0.0109375 0.025
0 0.880469 0.0425926 0.0109375 0.0259259
0 0.455729 0.337037 0.0104167 0.0240741
0 0.376302 0.773611 0.0109375 0.025
0 0.37526 0.880556 0.0109375 0.0259259
0 0.628385 0.860185 0.0109375 0.0259259
0 0.677344 0.949074 0.0109375 0.0259259
0 0.123958 0.424074 0.0104167 0.0259259
