0 0.611719 0.699537 0.0109375 0.025
0 0.852344 0.455093 0.0109375 0.025
0 0.151302 0.9875 0.0109375 0.025
0 0.0638021 0.8625 0.0109375 0.025
0 0.0752604 0.968056 0.0109375 0.025
0 0.309375 0.618519 0.0104167 0.0240741
0 0.889583 0.178704 0.0104167 0.0259259
0 0.827604 0.406944 0.0114583 0.0268519
0 0.810677 0.275926 0.0109375 0.0259259
0 0.0106771 0.663426 0.0109375 0.025
0 0.902083 0.0222222 0.0104167 0.0259259
0 0.0820312 0.690278 0.0109375 0.025
0 0.0466146 0.510185 0.0109375 0.0259259
0 0.0716146 0.350926 0.0109375 0.0259259
0 0.87526 0.494444 0.0109375 0.0259259
0 0.691927 0.0625 0.0109375 0.025
0 0.827344 0.593982 0.0109375 0.025
0 0.799219 0.77037 0.0109375 0.0259259
0 0.87526 0.302778 0.0109375 0.0259259
0 0.765885 0.951852 0.0109375 0.0259259
0 0.0351562 0.946296 0.0109375 0.0240741
0 0.698698 0.625926 0.0109375 0.0259259
