0 0.997135 0.938889 0.00572917 0.0240741
0 0.996875 0.981481 0.00625 0.0259259
0 0.48151 0.153704 0.0109375 0.0259259
0 0.688802 0.775463 0.0109375 0.0268519
0 0.98776 0.363889 0.0109375 0.0259259
0 0.482552 0.744907 0.0109375 0.0268519
0 0.538281 0.477315 0.0109375 0.025
0 0.158594 0.723611 0.0109375 0.0268519
0 0.545313 0.750926 0.0104167 0.0240741
0 0.0867188 0.025 0.0109375 0.0259259
0 0.516927 0.075463 0.0109375 0.025
0 0.983073 0.663889 0.0109375 0.0259259
0 0.634115 0.343981 0.0109375 0.025
0 0.908594 0.343519 0.0109375 0.0259259
0 0.394792 0.854167 0.0104167 0.025
0 0.357031 0.900463 0.0109375 0.0268519
0 0.555729 0.518056 0.0104167 0.025
0 0.708594 0.92037 0.0109375 0.0259259
0 0.85651 0.183796 0.0109375 0.025
0 0.483854 0.33287 0.0104167 0.025
0 0.84349 0.732407 0.0109375 0.0259259
0 0.0127604 0.309259 0.0109375 0.0259259
0 0.767708 0.372222 0.0104167 0.0259259
0 0.419531 0.139815 0.0109375 0.0259259
0 0.514323 0.166667 0.0109375 0.0259259
0 0.567969 0.740741 0.0109375 0.0259259
0 0.392969 0.0337963 0.0109375 0.0268519
0 0.796615 0.537037 0.0109375 0.0259259
0 0.776042 0.413889 0.0104167 0.0240741
0 0.698438 0.62037 0.0104167 0.0240741
0 0.936458 0.818981 0.0104167 0.025
0 0.489844 0.538426 0.0109375 0.0268519
0 0.609896 0.212963 0.0104167 0.0240741
0 0.729688 0.5375 0.0104167 0.025
0 0.244531 0.790741 0.0109375 0.0259259
0 0.82474 0.0847222 0.0109375 0.025
0 0.727865 0.862037 0.0109375 0.0259259
0 0.803125 0.0175926 0.0114583 0.0259259
0 0.652344 0.936111 0.0109375 0.0259259
0 0.77474 0.502778 0.0109375 0.0259259
0 0.577604 0.626389 0.0104167 0.025
0 0.454948 0.893519 0.0109375 0.0259259
