0 0.00260417 0.769444 0.00520833 0.0240741
0 0.1375 0.0115741 0.0104167 0.0231481
0 0.650521 0.191204 0.0104167 0.025
0 0.995052 0.76713 0.00989583 0.025
0 0.625521 0.197685 0.0104167 0.025
0 0.295573 0.744444 0.0109375 0.0259259
0 0.00729167 0.651389 0.0104167 0.025
0 0.765885 0.255556 0.0109375 0.0259259
0 0.48776 0.919907 0.0109375 0.025
0 0.66276 0.463426 0.0109375 0.025
0 0.763802 0.633333 0.0109375 0.0259259
0 0.0367187 0.853241 0.00989583 0.025
0 0.783333 0.750463 0.0104167 0.025
0 0.339063 0.945833 0.0104167 0.025
0 0.70625 0.545833 0.0104167 0.025
0 0.719531 0.687037 0.0109375 0.0259259
0 0.464063 0.893056 0.0104167 0.025
0 0.988802 0.0652778 0.0109375 0.025
0 0.0731771 0.918056 0.0109375 0.025
0 0.313802 0.934259 0.0109375 0.0259259
0 0.0888021 0.0388889 0.0109375 0.0259259
0 0.801823 0.0162037 0.0109375 0.025
0 0.0606771 0.0555556 0.0109375 0.0259259
0 0.0338542 0.074537 0.0104167 0.025
0 0.776302 0.429167 0.0109375 0.025
0 0.322135 0.776389 0.0109375 0.025
0 0.0658854 0.849074 0.0109375 0.0259259
0 0.384635 0.951389 0.0109375 0.025
0 0.457552 0.790741 0.0109375 0.0259259
0 0.73099 0.893519 0.0109375 0.0259259
0 0.853385 0.793056 0.0109375 0.025
0 0.82474 0.937963 0.0109375 0.0259259
0 0.549219 0.878704 0.0109375 0.0259259
0 0.308073 0.87963 0.0109375 0.0259259
0 0.260677 0.0157407 0.0109375 0.0259259
0 0.68099 0.59213 0.0109375 0.025
0 0.855729 0.85 0.0104167 0.0240741
0 0.60599 0.651389 0.0109375 0.025
0 0.702865 0.618981 0.0109375 0.025
