0 0.764063 0.931944 0.0114583 0.0287037
0 0.860937 0.907407 0.0104167 0.0240741
0 0.754167 0.814815 0.0104167 0.0240741
0 0.463281 0.075463 0.0109375 0.025
0 0.0164062 0.823611 0.0109375 0.025
0 0.226302 0.13287 0.0109375 0.025
0 0.496615 0.181481 0.0109375 0.0259259
0 0.0046875 0.0287037 0.009375 0.0240741
0 0.177865 0.699074 0.0109375 0.0259259
0 0.480469 0.987037 0.00989583 0.0240741
0 0.486979 0.0532407 0.0104167 0.025
0 0.486719 0.49537 0.0109375 0.0259259
0 0.710938 0.651389 0.0104167 0.025
0 0.835938 0.904167 0.0104167 0.025
0 0.307552 0.243056 0.0109375 0.0268519
0 0.335938 0.20787 0.0104167 0.025
0 0.595573 0.959722 0.0109375 0.025
0 0.380208 0.806944 0.0104167 0.025
0 0.0942708 0.70463 0.0104167 0.0240741
0 0.0559896 0.0333333 0.0109375 0.0259259
0 0.445312 0.401389 0.0104167 0.025
0 0.298438 0.943056 0.0104167 0.025
0 0.514323 0.221759 0.0109375 0.025
0 0.297135 0.864815 0.0109375 0.0259259
0 0.422656 0.467593 0.0109375 0.0259259
0 0.690885 0.0981481 0.0109375 0.0259259
0 0.245833 0.793981 0.0104167 0.025
0 0.258594 0.730093 0.0109375 0.025
0 0.891146 0.0263889 0.0104167 0.025
0 0.410937 0.131019 0.0104167 0.025
0 0.785156 0.798611 0.0109375 0.025
0 0.583594 0.852778 0.0109375 0.0259259
0 0.114323 0.22037 0.0109375 0.0259259
0 0.619531 0.840741 0.0109375 0.0259259
0 0.440885 0.880556 0.0109375 0.0259259
0 0.726302 0.124074 0.0109375 0.0259259
0 0.117448 0.434722 0.0109375 0.025
0 0.573177 0.0476852 0.0109375 0.025
0 0.608594 0.244444 0.0109375 0.0259259
0 0.779427 0.0699074 0.0109375 0.025
0 0.230208 0.646759 0.0104167 0.025
0 0.379948 0.412963 0.0109375 0.0259259
0 0.254948 0.290741 0.0109375 0.0259259
0 0.590885 0.532407 0.0109375 0.0259259
0 0.547135 0.268056 0.0109375 0.0268519
0 0.785156 0.180556 0.0109375 0.0259259
0 0.100781 0.125926 0.0109375 0.0259259
