0 0.466406 0.341667 0.0109375 0.0259259
0 0.734375 0.689352 0.0104167 0.025
0 0.907812 0.0240741 0.0104167 0.0259259
0 0.963542 0.455093 0.0104167 0.025
0 0.917708 0.683796 0.0104167 0.025
0 0.817448 0.985185 0.0109375 0.0259259
0 0.533854 0.477315 0.0104167 0.025
0 0.839844 0.543981 0.0109375 0.025
0 0.295052 0.162037 0.0109375 0.0259259
0 0.638281 0.622222 0.0109375 0.0259259
0 0.511198 0.489815 0.00989583 0.0240741
0 0.534115 0.116204 0.0109375 0.025
0 0.878646 0.358796 0.0104167 0.025
0 0.986198 0.533333 0.0109375 0.0259259
0 0.634635 0.907407 0.0109375 0.0259259
0 0.835677 0.921296 0.0109375 0.0259259
0 0.859115 0.822685 0.0109375 0.025
0 0.684635 0.583333 0.00989583 0.0240741
0 0.490885 0.885185 0.0109375 0.0259259
0 0.728906 0.634259 0.0109375 0.0259259
0 0.594531 0.650926 0.0109375 0.0259259
0 0.791406 0.980556 0.0109375 0.0259259
0 0.550521 0.638889 0.0104167 0.0259259
0 0.941927 0.571296 0.0109375 0.0259259
0 0.764844 0.180556 0.0109375 0.0259259
0 0.927344 0.308333 0.0109375 0.0259259
0 0.548698 0.947222 0.0109375 0.0259259
0 0.861719 0.480556 0.0109375 0.0259259
