0 0.401042 0.8375 0.0114583 0.0268519
0 0.152865 0.0236111 0.00989583 0.025
0 0.90651 0.300926 0.0109375 0.0259259
0 0.935677 0.315741 0.0109375 0.0259259
0 0.776302 0.430093 0.0109375 0.025
0 0.748958 0.220833 0.0104167 0.025
0 0.534635 0.968518 0.0109375 0.0259259
0 0.417969 0.20787 0.0109375 0.025
0 0.566406 0.617593 0.0109375 0.0259259
0 0.942708 0.744907 0.0104167 0.025
0 0.327865 0.661574 0.0109375 0.0268519
0 0.589323 0.481481 0.0109375 0.0259259
0 0.629427 0.2625 0.0109375 0.0268519
0 0.955208 0.969444 0.0104167 0.0240741
