0 0.920052 0.174537 0.0109375 0.0268519
0 0.758333 0.809722 0.0114583 0.0268519
0 0.753646 0.7625 0.0114583 0.0268519
0 0.110156 0.288889 0.0109375 0.0259259
0 0.134115 0.304167 0.0109375 0.025
0 0.40625 0.756019 0.0104167 0.025
0 0.234896 0.765741 0.0104167 0.0259259
0 0.32526 0.117593 0.0109375 0.0259259
0 0.392708 0.581019 0.0104167 0.025
0 0.299219 0.867593 0.0109375 0.0259259
0 0.107552 0.087037 0.0109375 0.0259259
0 0.13099 0.40463 0.0109375 0.0259259
0 0.285156 0.0351852 0.0109375 0.0259259
0 0.0578125 0.30787 0.0104167 0.025
0 0.27526 0.136111 0.0109375 0.0259259
0 0.248177 0.692593 0.0109375 0.0259259
0 0.801823 0.785185 0.0109375 0.0259259
0 0.0197917 0.378241 0.0104167 0.025
0 0.140365 0.240741 0.0109375 0.0259259
0 0.120573 0.0148148 0.0109375 0.0259259
0 0.0736979 0.212963 0.0109375 0.0259259
