0 0.00286458 0.689352 0.00572917 0.0268519
0 0.642187 0.9875 0.0104167 0.025
0 0.65651 0.899537 0.0109375 0.025
0 0.769531 0.253704 0.0109375 0.0259259
0 0.0395833 0.334259 0.0104167 0.0259259
0 0.891927 0.631481 0.0109375 0.0259259
0 0.734896 0.543056 0.0104167 0.025
0 0.907292 0.500463 0.0104167 0.025
0 0.824479 0.716667 0.0104167 0.0259259
0 0.786719 0.732407 0.0109375 0.0259259
0 0.875781 0.312037 0.0109375 0.0259259
0 0.771875 0.337037 0.0104167 0.0259259
0 0.396094 0.438426 0.0109375 0.025
0 0.678385 0.790278 0.0109375 0.025
0 0.0195312 0.792593 0.0109375 0.0259259
0 0.509896 0.548611 0.0104167 0.025
0 0.916927 0.0171296 0.0109375 0.0268519
0 0.0289063 0.428241 0.0109375 0.025
0 0.741927 0.433333 0.0109375 0.0259259
0 0.713281 0.65 0.0109375 0.0259259
0 0.890104 0.193056 0.0104167 0.025
0 0.848698 0.373611 0.0109375 0.025
0 0.842188 0.301389 0.0104167 0.025
0 0.748698 0.325 0.0109375 0.0259259
0 0.845573 0.212963 0.0109375 0.0259259
0 0.623698 0.701852 0.0109375 0.0259259
0 0.829427 0.660185 0.0109375 0.0259259
0 0.552344 0.202315 0.0109375 0.025
