0 0.690625 0.376852 0.0114583 0.0259259
0 0.319792 0.218981 0.0104167 0.025
0 0.110156 0.286574 0.0109375 0.0268519
0 0.0875 0.294907 0.0104167 0.025
0 0.357292 0.251389 0.0104167 0.025
0 0.478385 0.0555556 0.0109375 0.0259259
0 0.352865 0.201852 0.0109375 0.0259259
0 0.953385 0.72037 0.0109375 0.0259259
0 0.663281 0.38287 0.0109375 0.025
0 0.240365 0.452778 0.0109375 0.0240741
0 0.219531 0.331019 0.0109375 0.025
0 0.10026 0.0888889 0.0109375 0.0259259
0 0.0445312 0.0935185 0.0109375 0.0259259
0 0.806771 0.25787 0.0104167 0.025
0 0.599219 0.255093 0.0109375 0.025
0 0.0265625 0.465741 0.0114583 0.0259259
0 0.246094 0.323148 0.0109375 0.0259259
0 0.736719 0.168519 0.0109375 0.0259259
0 0.803385 0.181019 0.0109375 0.025
0 0.273177 0.174074 0.0109375 0.0259259
0 0.128906 0.102778 0.0109375 0.0259259
0 0.0164062 0.324074 0.0109375 0.0259259
0 0.941927 0.49213 0.0109375 0.025
0 0.942708 0.639815 0.0104167 0.0259259
0 0.211979 0.0393519 0.0104167 0.025
0 0.830469 0.252315 0.0109375 0.025
0 0.191406 0.310185 0.0109375 0.0259259
0 0.579167 0.394907 0.0104167 0.025
0 0.0559896 0.382407 0.0109375 0.0259259
0 0.955729 0.229167 0.0104167 0.025
0 0.559896 0.266667 0.0104167 0.0259259
0 0.608073 0.0439815 0.0109375 0.025
0 0.87474 0.244444 0.0109375 0.0259259
0 0.466927 0.379167 0.0109375 0.025
0 0.279948 0.012963 0.0109375 0.0259259
