0 0.723437 0.155556 0.0104167 0.0240741
0 0.66901 0.35463 0.0109375 0.0259259
0 0.908333 0.777315 0.0104167 0.025
0 0.0445312 0.631481 0.0109375 0.0259259
0 0.896875 0.684722 0.0104167 0.025
0 0.214323 0.677778 0.0109375 0.0259259
0 0.244792 0.419907 0.0104167 0.025
0 0.74401 0.393056 0.0109375 0.025
0 0.679688 0.415741 0.0104167 0.0259259
0 0.22526 0.943519 0.0109375 0.0259259
0 0.982813 0.968982 0.0104167 0.025
0 0.415625 0.0902778 0.0104167 0.025
0 0.445052 0.691667 0.0109375 0.0259259
0 0.132552 0.025 0.0109375 0.0259259
0 0.252604 0.378241 0.0104167 0.025
0 0.266667 0.909722 0.0104167 0.025
0 0.732292 0.0939815 0.0104167 0.025
0 0.91849 0.724537 0.0109375 0.0268519
0 0.388281 0.890741 0.0109375 0.0259259
0 0.178906 0.535648 0.0109375 0.025
0 0.438542 0.749537 0.0104167 0.025
0 0.836719 0.570833 0.0109375 0.025
0 0.58724 0.802778 0.0109375 0.0259259
0 0.139844 0.647685 0.0109375 0.025
