0 0.300781 0.32037 0.0109375 0.0259259
0 0.330469 0.314815 0.0109375 0.0259259
0 0.265365 0.274074 0.0109375 0.0259259
0 0.258333 0.21713 0.0104167 0.025
0 0.346354 0.849537 0.0104167 0.025
0 0.0515625 0.0217593 0.0104167 0.025
0 0.828385 0.958796 0.0109375 0.025
0 0.0169271 0.143981 0.0109375 0.025
0 0.636458 0.668519 0.0104167 0.0259259
0 0.0114583 0.527778 0.0104167 0.0259259
0 0.327344 0.181481 0.0109375 0.0259259
0 0.39401 0.248148 0.0109375 0.0259259
0 0.274219 0.590278 0.0109375 0.0268519
0 0.0145833 0.0476852 0.0104167 0.025
0 0.828385 0.890278 0.0109375 0.0268519
0 0.363802 0.976852 0.0109375 0.0259259
0 0.160156 0.0171296 0.0109375 0.0268519
