0 0.0627604 0.388426 0.0109375 0.025
0 0.0911458 0.0842593 0.0104167 0.0259259
0 0.783073 0.139815 0.0109375 0.0259259
0 0.646354 0.471759 0.0104167 0.025
0 0.920052 0.385648 0.0109375 0.025
0 0.186458 0.664815 0.0104167 0.0240741
0 0.20651 0.20787 0.00989583 0.025
0 0.53776 0.0421296 0.0109375 0.025
0 0.0981771 0.389815 0.0109375 0.0259259
0 0.771094 0.509259 0.0109375 0.0259259
0 0.0260417 0.733796 0.0104167 0.025
0 0.372135 0.384722 0.0109375 0.0268519
0 0.259635 0.188889 0.0109375 0.0259259
0 0.396094 0.175 0.0109375 0.0259259
0 0.645573 0.603241 0.0109375 0.025
0 0.226562 0.336111 0.0104167 0.0240741
0 0.28099 0.695833 0.0109375 0.025
0 0.371615 0.207407 0.0109375 0.0259259
0 0.426302 0.597685 0.0109375 0.025
0 0.0216146 0.0453704 0.0109375 0.0259259
0 0.0179687 0.429167 0.0109375 0.025
0 0.466667 0.566204 0.0104167 0.025
0 0.254687 0.687037 0.0104167 0.0240741
0 0.669792 0.465741 0.0104167 0.0259259
0 0.317448 0.673611 0.0109375 0.025
0 0.00911458 0.796759 0.0109375 0.0268519
0 0.0242187 0.206481 0.0109375 0.0259259
0 0.817969 0.500926 0.0109375 0.0259259
0 0.10651 0.0175926 0.0109375 0.0259259
0 0.307552 0.243056 0.0109375 0.025
0 0.0804688 0.47037 0.0109375 0.0259259
0 0.380208 0.0782407 0.0104167 0.025
0 0.157813 0.67963 0.0104167 0.0240741
0 0.28099 0.0916667 0.0109375 0.0259259
0 0.335677 0.143056 0.0109375 0.025
0 0.539323 0.574537 0.0109375 0.025
0 0.652865 0.712037 0.0109375 0.0259259
0 0.378906 0.569444 0.0109375 0.0259259
0 0.179167 0.128704 0.0104167 0.0240741
