0 0.996615 0.0564815 0.00677083 0.0240741
0 0.392969 0.981944 0.0109375 0.0268519
0 0.0867188 0.972685 0.0109375 0.0268519
0 0.744792 0.7875 0.0104167 0.025
0 0.552865 0.188889 0.0109375 0.0259259
0 0.0278646 0.565741 0.0109375 0.0259259
0 0.345833 0.600926 0.0104167 0.0259259
0 0.669792 0.883333 0.0104167 0.0259259
0 0.201042 0.518056 0.0104167 0.025
0 0.716667 0.699537 0.0104167 0.025
0 0.463021 0.425463 0.0104167 0.025
0 0.0513021 0.616204 0.0109375 0.025
0 0.40651 0.75 0.0109375 0.0259259
0 0.497135 0.831481 0.0109375 0.0259259
0 0.59401 0.858333 0.0109375 0.0259259
0 0.635677 0.449074 0.0109375 0.0259259
0 0.166406 0.318519 0.0109375 0.0259259
0 0.0757812 0.591204 0.0109375 0.025
0 0.42526 0.229167 0.0109375 0.025
0 0.624219 0.109259 0.0109375 0.0259259
0 0.803125 0.965741 0.0114583 0.0259259
0 0.216146 0.280093 0.0104167 0.025
0 0.642187 0.203241 0.0104167 0.025
0 0.675781 0.574074 0.0109375 0.0259259
0 0.117969 0.663889 0.0109375 0.0259259
0 0.32526 0.785185 0.0109375 0.0259259
0 0.478906 0.950926 0.0109375 0.0259259
0 0.799219 0.865741 0.0109375 0.0259259
0 0.402865 0.272222 0.0109375 0.0259259
0 0.16224 0.440278 0.0109375 0.025
0 0.308073 0.725 0.0109375 0.0259259
0 0.152344 0.869907 0.0109375 0.025
0 0.448177 0.32963 0.0109375 0.0259259
0 0.440365 0.549074 0.0109375 0.0259259
0 0.617448 0.930093 0.0109375 0.025
0 0.901823 0.75787 0.0109375 0.025
0 0.378385 0.862963 0.0109375 0.0259259
0 0.417969 0.0152778 0.0109375 0.025
