0 0.979167 0.0907407 0.0104167 0.0259259
0 0.940625 0.808796 0.0104167 0.025
0 0.397135 0.530093 0.0109375 0.025
0 0.507292 0.897685 0.0104167 0.025
0 0.888281 0.711111 0.0109375 0.0259259
0 0.816667 0.962963 0.0104167 0.0240741
0 0.289323 0.298611 0.0109375 0.0268519
0 0.90026 0.264815 0.0109375 0.0259259
0 0.124219 0.884259 0.0109375 0.0259259
0 0.817969 0.55 0.0109375 0.0259259
0 0.867969 0.19537 0.0109375 0.0259259
0 0.925521 0.171296 0.0104167 0.0240741
0 0.477865 0.446296 0.0109375 0.0259259
0 0.823177 0.0981481 0.0109375 0.0259259
