0 0.405469 0.574074 0.0109375 0.0259259
0 0.955469 0.0208333 0.00989583 0.025
0 0.45026 0.30787 0.0109375 0.025
0 0.265885 0.0722222 0.0109375 0.0259259
0 0.319271 0.745833 0.0104167 0.025
0 0.43724 0.387037 0.0109375 0.0259259
0 0.0763021 0.878704 0.0109375 0.0259259
0 0.556771 0.647685 0.0104167 0.025
0 0.255469 0.134259 0.0109375 0.0259259
0 0.535156 0.0203704 0.0109375 0.0259259
0 0.673177 0.263426 0.0109375 0.0268519
0 0.122656 0.902315 0.0109375 0.025
0 0.397656 0.612963 0.0109375 0.0259259
0 0.478385 0.258333 0.0109375 0.0259259
0 0.680729 0.43287 0.0104167 0.025
0 0.592969 0.669444 0.0109375 0.0259259
0 0.649219 0.384259 0.0109375 0.0259259
