0 0.997135 0.431019 0.00572917 0.0268519
0 0.244271 0.431481 0.0104167 0.0259259
0 0.915625 0.0671296 0.0104167 0.025
0 0.68125 0.263889 0.0104167 0.0259259
0 0.576042 0.0763889 0.0104167 0.025
0 0.238802 0.130556 0.0109375 0.0240741
0 0.40651 0.334259 0.0109375 0.0259259
0 0.115104 0.876389 0.0104167 0.025
0 0.195573 0.453704 0.0109375 0.0259259
0 0.64349 0.0842593 0.0109375 0.0259259
0 0.296354 0.541204 0.0104167 0.025
0 0.783333 0.430093 0.0104167 0.025
0 0.202083 0.918981 0.0104167 0.025
0 0.964844 0.919444 0.0109375 0.0259259
0 0.495052 0.0407407 0.0109375 0.0259259
0 0.503906 0.251389 0.0109375 0.025
0 0.922135 0.0277778 0.0109375 0.0259259
0 0.784115 0.515278 0.0109375 0.025
0 0.676042 0.118519 0.0104167 0.0240741
0 0.409115 0.518981 0.0109375 0.025
0 0.841927 0.470833 0.0109375 0.025
0 0.808854 0.561574 0.0104167 0.025
0 0.209115 0.112963 0.0109375 0.0259259
0 0.318229 0.308796 0.0104167 0.025
0 0.888281 0.224074 0.0109375 0.0259259
0 0.772396 0.776389 0.0104167 0.025
0 0.651302 0.940741 0.00989583 0.0240741
0 0.545833 0.024537 0.0104167 0.025
0 0.764063 0.158796 0.0104167 0.025
0 0.34349 0.393056 0.0109375 0.025
0 0.458594 0.224537 0.0109375 0.025
0 0.796615 0.633333 0.0109375 0.0259259
0 0.632552 0.337037 0.0109375 0.0259259
0 0.810156 0.843518 0.00989583 0.0240741
0 0.442448 0.504167 0.0109375 0.025
0 0.78776 0.948148 0.00989583 0.0240741
0 0.347917 0.160648 0.0104167 0.025
0 0.786198 0.0787037 0.0109375 0.0259259
0 0.0747396 0.978704 0.0109375 0.0259259
0 0.244792 0.663426 0.0104167 0.025
