0 0.248177 0.725926 0.0109375 0.0259259
0 0.222656 0.731944 0.0109375 0.025
0 0.257031 0.605093 0.0109375 0.025
0 0.178906 0.0907407 0.0109375 0.0259259
0 0.0835937 0.953241 0.0109375 0.025
0 0.272656 0.517593 0.0109375 0.0259259
0 0.22526 0.0527778 0.0109375 0.0259259
0 0.25599 0.288889 0.0109375 0.0259259
0 0.497656 0.940278 0.0109375 0.0268519
0 0.160156 0.965741 0.0109375 0.0259259
0 0.238281 0.816667 0.0109375 0.0259259
0 0.0924479 0.591204 0.0109375 0.0268519
0 0.0510417 0.970833 0.0104167 0.025
0 0.223438 0.90463 0.0104167 0.0259259
