0 0.792708 0.629167 0.009375 0.0231481
0 0.366146 0.187963 0.0104167 0.0259259
0 0.53776 0.387963 0.0109375 0.0259259
0 0.828906 0.431019 0.0109375 0.025
0 0.511458 0.3625 0.0104167 0.025
0 0.179427 0.566667 0.0109375 0.0259259
0 0.404427 0.025463 0.0109375 0.025
0 0.570573 0.193519 0.0109375 0.0259259
0 0.625781 0.674074 0.0109375 0.0259259
0 0.291146 0.872222 0.0114583 0.0259259
0 0.0627604 0.317593 0.0109375 0.0259259
0 0.67474 0.846296 0.0109375 0.0259259
0 0.12526 0.628704 0.0109375 0.0259259
0 0.417448 0.0814815 0.0109375 0.0259259
