0 0.132292 0.141667 0.0104167 0.0240741
0 0.551562 0.943519 0.0104167 0.0259259
0 0.902344 0.0555556 0.0109375 0.0259259
0 0.950781 0.175 0.0109375 0.0259259
0 0.894531 0.111111 0.0109375 0.0259259
0 0.170052 0.575 0.0109375 0.0259259
0 0.31901 0.239815 0.0109375 0.0259259
0 0.576563 0.9 0.0104167 0.0259259
0 0.757552 0.612037 0.0109375 0.0259259
0 0.279948 0.31713 0.0109375 0.025
0 0.728385 0.0578704 0.0109375 0.0268519
0 0.570052 0.769444 0.0109375 0.0259259
0 0.66901 0.548611 0.0109375 0.025
0 0.285156 0.37037 0.0109375 0.0259259
0 0.121615 0.037963 0.0109375 0.0259259
0 0.59974 0.762963 0.0109375 0.0259259
0 0.16224 0.116667 0.0109375 0.0259259
0 0.711458 0.615741 0.0104167 0.0240741
