0 0.00442708 0.118519 0.00885417 0.0259259
0 0.733854 0.550926 0.0104167 0.0259259
0 0.796615 0.0444444 0.0109375 0.0259259
0 0.336719 0.399074 0.0109375 0.0259259
0 0.38151 0.795833 0.0109375 0.0268519
0 0.379427 0.899074 0.0109375 0.0259259
0 0.451823 0.810185 0.0109375 0.0259259
0 0.658073 0.672222 0.0109375 0.0259259
0 0.330208 0.248611 0.0104167 0.025
0 0.670573 0.2625 0.0109375 0.025
0 0.950521 0.583333 0.0104167 0.0259259
0 0.592708 0.0541667 0.0104167 0.025
0 0.40625 0.1375 0.0104167 0.025
0 0.658073 0.0148148 0.0109375 0.0259259
0 0.388802 0.379167 0.0109375 0.025
0 0.665365 0.3125 0.0109375 0.025
0 0.970573 0.147222 0.0109375 0.0259259
0 0.764323 0.0268519 0.0109375 0.0259259
0 0.341406 0.127315 0.0109375 0.025
