0 0.851562 0.502315 0.0104167 0.025
0 0.0677083 0.68287 0.0114583 0.0268519
0 0.707552 0.12963 0.0109375 0.0259259
0 0.203385 0.0430556 0.0109375 0.025
0 0.855208 0.541204 0.0104167 0.025
0 0.221615 0.272222 0.0109375 0.0259259
0 0.727604 0.683333 0.0114583 0.0259259
0 0.871875 0.699074 0.0104167 0.0259259
0 0.911979 0.139815 0.0104167 0.0259259
0 0.163542 0.606481 0.0104167 0.0240741
0 0.583333 0.274537 0.0104167 0.025
0 0.889323 0.806944 0.00989583 0.025
0 0.490104 0.893056 0.0104167 0.025
0 0.946094 0.331481 0.0109375 0.0259259
0 0.167969 0.957407 0.0109375 0.0259259
0 0.10026 0.502315 0.0109375 0.025
0 0.20599 0.423148 0.0109375 0.0259259
0 0.53724 0.0212963 0.0109375 0.0259259
0 0.115625 0.331481 0.0104167 0.0240741
0 0.865625 0.6375 0.0104167 0.025
0 0.239583 0.483333 0.0104167 0.0259259
0 0.102865 0.552778 0.0109375 0.0259259
0 0.0830729 0.613426 0.0109375 0.025
0 0.877344 0.746759 0.0109375 0.0268519
