0 0.174219 0.498148 0.0109375 0.0259259
0 0.988542 0.108796 0.0104167 0.025
0 0.11901 0.195833 0.0109375 0.025
0 0.277083 0.740741 0.0104167 0.0240741
0 0.520052 0.788426 0.0109375 0.025
0 0.0617188 0.976852 0.0109375 0.0259259
0 0.882031 0.140278 0.0109375 0.025
0 0.889323 0.301389 0.0109375 0.025
0 0.0145833 0.600926 0.0104167 0.0259259
0 0.477604 0.5875 0.0104167 0.025
0 0.134115 0.40463 0.0109375 0.0259259
0 0.126042 0.963889 0.0104167 0.0259259
0 0.59401 0.738426 0.0109375 0.025
0 0.86901 0.563426 0.00989583 0.025
0 0.488802 0.974537 0.0109375 0.025
0 0.15599 0.266204 0.0109375 0.025
0 0.709635 0.846296 0.0109375 0.0259259
0 0.227344 0.872685 0.00989583 0.025
0 0.133073 0.640278 0.0109375 0.025
0 0.56901 0.899074 0.0109375 0.0259259
0 0.151823 0.0439815 0.0109375 0.025
0 0.85599 0.874074 0.0109375 0.0259259
0 0.154948 0.200926 0.0109375 0.0259259
0 0.0627604 0.598148 0.0109375 0.0259259
0 0.230729 0.543056 0.0104167 0.025
0 0.299479 0.851852 0.0104167 0.0240741
0 0.885156 0.825926 0.0109375 0.0259259
0 0.638281 0.495833 0.0109375 0.025
0 0.678385 0.481481 0.0109375 0.0259259
0 0.144792 0.160648 0.0104167 0.025
0 0.23724 0.28287 0.0109375 0.025
0 0.898698 0.923148 0.0109375 0.0259259
0 0.872656 0.694444 0.0109375 0.0259259
0 0.865365 0.624074 0.0109375 0.0259259
0 0.836458 0.30787 0.0104167 0.025
0 0.3875 0.326389 0.0104167 0.025
0 0.659635 0.367593 0.0109375 0.0259259
0 0.0382813 0.948611 0.0109375 0.025
0 0.241406 0.393519 0.0109375 0.0259259
0 0.259115 0.593518 0.0109375 0.0259259
0 0.0606771 0.693056 0.0109375 0.025
0 0.303385 0.308333 0.0109375 0.0259259
