0 0.996094 0.225 0.0078125 0.0259259
0 0.16276 0.0347222 0.0109375 0.0268519
0 0.665365 0.544444 0.0109375 0.0259259
0 0.153385 0.566204 0.0109375 0.025
0 0.301042 0.0759259 0.0104167 0.0259259
0 0.14401 0.861111 0.0109375 0.0259259
0 0.638542 0.522222 0.0104167 0.0259259
0 0.801823 0.598611 0.0109375 0.025
0 0.626302 0.0740741 0.0109375 0.0259259
0 0.667448 0.0953704 0.0109375 0.0259259
0 0.958854 0.203704 0.0104167 0.0240741
0 0.70599 0.212963 0.0109375 0.0259259
0 0.14974 0.824074 0.0109375 0.0259259
0 0.232812 0.316667 0.0104167 0.0259259
0 0.883073 0.203704 0.0109375 0.0259259
0 0.561458 0.363426 0.0104167 0.025
0 0.0341146 0.0962963 0.0109375 0.0259259
0 0.696615 0.559259 0.0109375 0.0259259
0 0.513802 0.751852 0.0109375 0.0259259
0 0.417188 0.389352 0.0104167 0.025
0 0.798177 0.149074 0.0109375 0.0259259
0 0.914062 0.665278 0.0104167 0.025
0 0.186458 0.627778 0.0104167 0.0240741
0 0.236198 0.148148 0.0109375 0.0259259
0 0.202083 0.537963 0.0104167 0.0240741
0 0.27474 0.338889 0.0109375 0.0259259
0 0.172917 0.684722 0.0104167 0.025
0 0.421615 0.268519 0.0109375 0.0259259
0 0.461458 0.438426 0.0104167 0.025
0 0.545833 0.479167 0.0104167 0.025
0 0.386719 0.54537 0.0109375 0.0259259
0 0.948958 0.0185185 0.0114583 0.0259259
0 0.338542 0.181944 0.0104167 0.025
0 0.727604 0.593982 0.0104167 0.025
0 0.647656 0.616204 0.0109375 0.025
0 0.936458 0.124537 0.0104167 0.025
0 0.329427 0.768056 0.0109375 0.025
0 0.904948 0.012963 0.0109375 0.0259259
0 0.129948 0.579167 0.0109375 0.025
