0 0.36901 0.252315 0.0109375 0.0268519
0 0.858854 0.12963 0.0104167 0.0259259
0 0.544531 0.131019 0.0109375 0.0268519
0 0.0815104 0.400926 0.0109375 0.0259259
0 0.661719 0.0523148 0.0109375 0.0268519
0 0.983594 0.360185 0.0109375 0.0259259
0 0.771615 0.0601852 0.0109375 0.0259259
0 0.522656 0.805093 0.0109375 0.025
0 0.749219 0.0453704 0.0109375 0.0259259
0 0.791406 0.899074 0.0109375 0.0259259
0 0.0638021 0.2875 0.0109375 0.025
0 0.368229 0.408796 0.0114583 0.0268519
0 0.157031 0.467593 0.0109375 0.0259259
0 0.672396 0.251389 0.0104167 0.025
0 0.373698 0.152778 0.0109375 0.0259259
0 0.429427 0.848611 0.0109375 0.025
0 0.818229 0.454167 0.0104167 0.025
0 0.938281 0.397222 0.0109375 0.0259259
0 0.929167 0.797685 0.0104167 0.025
0 0.496354 0.501852 0.0104167 0.0259259
0 0.942969 0.951852 0.0109375 0.0259259
0 0.849219 0.40787 0.0109375 0.025
0 0.545052 0.249074 0.0109375 0.0259259
0 0.796615 0.293519 0.0109375 0.0259259
0 0.766406 0.47963 0.0109375 0.0259259
0 0.944531 0.180093 0.0109375 0.025
0 0.346615 0.0666667 0.0109375 0.0259259
0 0.417188 0.811574 0.0114583 0.0268519
0 0.309115 0.477778 0.0109375 0.0259259
0 0.494531 0.284259 0.0109375 0.0259259
0 0.272656 0.626389 0.0109375 0.0268519
0 0.516146 0.558796 0.0104167 0.025
0 0.858594 0.47037 0.0109375 0.0259259
0 0.786719 0.14537 0.0109375 0.0259259
0 0.694531 0.862963 0.0109375 0.0259259
0 0.297656 0.393519 0.0109375 0.0259259
0 0.192969 0.448148 0.0109375 0.0259259
0 0.888802 0.614815 0.0109375 0.0259259
0 0.45599 0.037963 0.0109375 0.0259259
0 0.809115 0.215278 0.0109375 0.0268519
0 0.239583 0.525926 0.0104167 0.0259259
