0 0.00494792 0.564352 0.00885417 0.025
0 0.58125 0.216204 0.0104167 0.025
0 0.995833 0.287963 0.00833333 0.0259259
0 0.63776 0.564352 0.0109375 0.0268519
0 0.776042 0.610185 0.0104167 0.0259259
0 0.845833 0.358333 0.0114583 0.0259259
0 0.491146 0.143056 0.0104167 0.025
0 0.0927083 0.631481 0.0104167 0.0259259
0 0.183333 0.560648 0.0104167 0.025
0 0.825781 0.777778 0.0109375 0.0259259
0 0.361458 0.198148 0.0104167 0.0259259
0 0.292188 0.264815 0.0104167 0.0240741
0 0.444792 0.375463 0.0104167 0.025
0 0.715365 0.159259 0.0109375 0.0259259
0 0.731771 0.106019 0.0104167 0.025
0 0.75599 0.543519 0.0109375 0.0259259
0 0.842969 0.85787 0.0109375 0.0268519
0 0.234115 0.968518 0.0109375 0.0259259
0 0.230208 0.531944 0.0104167 0.025
0 0.123177 0.909259 0.0109375 0.0259259
0 0.288281 0.858333 0.0109375 0.0259259
0 0.208073 0.375926 0.0109375 0.0259259
0 0.177344 0.376389 0.0109375 0.025
0 0.430469 0.94213 0.0109375 0.025
0 0.461198 0.0462963 0.00989583 0.0240741
0 0.446875 0.769444 0.0104167 0.0240741
0 0.55599 0.148611 0.0109375 0.025
0 0.251823 0.759722 0.0109375 0.025
0 0.43724 0.8375 0.0109375 0.025
0 0.790885 0.659722 0.0109375 0.0268519
