0 0.363542 0.463889 0.0104167 0.0259259
0 0.539062 0.0115741 0.0104167 0.0231481
0 0.992708 0.8 0.0104167 0.0259259
0 0.540885 0.440278 0.0109375 0.025
0 0.866406 0.0986111 0.00989583 0.025
0 0.682813 0.63287 0.0104167 0.025
0 0.534635 0.549537 0.0109375 0.025
0 0.730208 0.531944 0.0104167 0.025
0 0.73151 0.387037 0.0109375 0.0259259
0 0.749219 0.272222 0.0109375 0.0259259
0 0.839063 0.075 0.0104167 0.0259259
0 0.81849 0.953704 0.0109375 0.0259259
0 0.810156 0.222222 0.0109375 0.0259259
0 0.908073 0.972685 0.0109375 0.0268519
0 0.91901 0.806481 0.0109375 0.0259259
0 0.859115 0.440741 0.0109375 0.0259259
0 0.980208 0.504167 0.0104167 0.025
0 0.890104 0.150463 0.0104167 0.025
0 0.953906 0.0625 0.0109375 0.0268519
0 0.885677 0.878241 0.0109375 0.025
0 0.426302 0.414352 0.0109375 0.025
0 0.888802 0.768519 0.0109375 0.0259259
0 0.897656 0.258333 0.0109375 0.0259259
0 0.524219 0.661111 0.0109375 0.0259259
0 0.722656 0.293981 0.0109375 0.0268519
0 0.53724 0.316667 0.0109375 0.0259259
0 0.577344 0.914352 0.0109375 0.025
0 0.861198 0.173148 0.0109375 0.0259259
0 0.947656 0.747222 0.0109375 0.0259259
0 0.529427 0.750926 0.0109375 0.0259259
0 0.540365 0.240278 0.0109375 0.0268519
0 0.578385 0.839815 0.0109375 0.0259259
0 0.636719 0.902778 0.0109375 0.0259259
