0 0.17474 0.343056 0.0109375 0.025
0 0.0390625 0.364352 0.0104167 0.025
0 0.288281 0.913889 0.0109375 0.0259259
0 0.365365 0.919444 0.0109375 0.0259259
0 0.714844 0.977315 0.0109375 0.025
0 0.380469 0.399537 0.0109375 0.0268519
0 0.578385 0.177315 0.0109375 0.0268519
0 0.27526 0.256481 0.0109375 0.0259259
0 0.157813 0.864352 0.0104167 0.025
0 0.277083 0.870833 0.0104167 0.025
0 0.199219 0.639352 0.0109375 0.025
0 0.21901 0.723148 0.0109375 0.0259259
0 0.826563 0.0509259 0.0104167 0.0240741
0 0.258854 0.584259 0.0104167 0.0240741
0 0.677344 0.176389 0.0109375 0.025
0 0.73099 0.0694444 0.0109375 0.0259259
0 0.796875 0.0782407 0.0104167 0.025
0 0.359635 0.837963 0.0109375 0.0259259
0 0.616146 0.0208333 0.0104167 0.025
0 0.722135 0.319907 0.0109375 0.0268519
0 0.946094 0.309259 0.0109375 0.0259259
0 0.354427 0.423148 0.0109375 0.0259259
0 0.634635 0.187037 0.0109375 0.0259259
0 0.77474 0.134722 0.00989583 0.025
0 0.296875 0.160185 0.0104167 0.0259259
0 0.373698 0.232407 0.0109375 0.0259259
0 0.453385 0.351389 0.0109375 0.025
0 0.469531 0.102778 0.0109375 0.0259259
0 0.308073 0.240278 0.00989583 0.025
0 0.107031 0.463426 0.0109375 0.0268519
0 0.220052 0.103704 0.0109375 0.0259259
0 0.282813 0.657407 0.0104167 0.0259259
0 0.563281 0.291667 0.0109375 0.0259259
0 0.101562 0.645833 0.0104167 0.025
0 0.277344 0.774074 0.0109375 0.0259259
0 0.31224 0.535185 0.0109375 0.0259259
0 0.172917 0.281944 0.0104167 0.025
0 0.878646 0.261111 0.0104167 0.0259259
0 0.467969 0.45787 0.0109375 0.0268519
