0 0.93151 0.619444 0.0109375 0.0259259
0 0.361198 0.894444 0.0109375 0.0259259
0 0.464844 0.810185 0.0109375 0.0259259
0 0.773438 0.684722 0.0104167 0.025
0 0.820573 0.689815 0.0109375 0.0259259
0 0.928385 0.676852 0.0109375 0.0259259
0 0.602344 0.701389 0.0109375 0.025
0 0.388802 0.870833 0.0109375 0.025
0 0.901302 0.426852 0.0109375 0.0259259
0 0.403906 0.948148 0.0109375 0.0259259
0 0.980208 0.536111 0.0104167 0.0240741
0 0.839323 0.60463 0.0109375 0.0259259
0 0.98099 0.0805556 0.0109375 0.0259259
0 0.161719 0.824537 0.0109375 0.025
0 0.277083 0.715278 0.0104167 0.025
