0 0.997396 0.893519 0.00520833 0.0259259
0 0.752604 0.743519 0.0104167 0.0259259
0 0.439323 0.521759 0.0109375 0.025
0 0.839844 0.0555556 0.0109375 0.0259259
0 0.660156 0.465741 0.0109375 0.0259259
0 0.585156 0.713426 0.0109375 0.025
0 0.725781 0.65 0.0109375 0.0259259
0 0.570052 0.358333 0.0109375 0.0259259
0 0.809115 0.933796 0.0109375 0.025
0 0.142448 0.516667 0.0109375 0.0259259
0 0.547135 0.890278 0.0109375 0.025
0 0.51224 0.494444 0.0109375 0.0259259
0 0.599479 0.221759 0.0104167 0.025
0 0.327865 0.228704 0.0109375 0.0259259
0 0.252083 0.624074 0.0104167 0.0259259
0 0.859635 0.218519 0.0109375 0.0259259
0 0.796354 0.893056 0.0104167 0.025
0 0.385156 0.0634259 0.0109375 0.025
0 0.402344 0.802778 0.0109375 0.0259259
0 0.632292 0.489352 0.0104167 0.025
0 0.48776 0.391667 0.0109375 0.0259259
0 0.629427 0.324074 0.0109375 0.0259259
0 0.21849 0.415741 0.0109375 0.0259259
0 0.366146 0.14537 0.0104167 0.0240741
0 0.622135 0.801852 0.0109375 0.0259259
0 0.560156 0.0990741 0.00989583 0.0240741
0 0.969531 0.59537 0.0109375 0.0259259
0 0.571094 0.665741 0.0109375 0.0259259
0 0.401042 0.113889 0.0104167 0.0259259
0 0.926302 0.424074 0.0109375 0.0259259
