0 0.359115 0.443056 0.0109375 0.0268519
0 0.9875 0.543519 0.0104167 0.0240741
0 0.376042 0.765278 0.0104167 0.025
0 0.181771 0.012037 0.0104167 0.0240741
0 0.626042 0.544907 0.0104167 0.025
0 0.233594 0.766204 0.0109375 0.0268519
0 0.628646 0.501852 0.0104167 0.0259259
0 0.963802 0.387963 0.0109375 0.0259259
0 0.353906 0.0976852 0.0109375 0.025
0 0.279948 0.854167 0.0109375 0.025
0 0.975521 0.465278 0.0104167 0.025
0 0.240625 0.863889 0.0104167 0.0259259
0 0.919271 0.597685 0.0104167 0.025
0 0.909635 0.874537 0.0109375 0.025
0 0.263542 0.418981 0.0104167 0.025
0 0.483854 0.883796 0.0104167 0.025
0 0.435937 0.618056 0.0104167 0.025
0 0.917969 0.0967593 0.0109375 0.025
0 0.511719 0.872222 0.0109375 0.0259259
0 0.977083 0.0689815 0.0104167 0.025
0 0.236719 0.286574 0.0109375 0.025
0 0.179427 0.512037 0.0109375 0.0259259
0 0.298958 0.463889 0.0104167 0.0259259
0 0.855469 0.910185 0.0109375 0.0259259
0 0.408073 0.45463 0.0109375 0.0259259
0 0.627865 0.942593 0.0109375 0.0259259
0 0.610156 0.874074 0.0109375 0.0259259
0 0.451823 0.909722 0.0109375 0.025
0 0.68099 0.638426 0.0109375 0.025
0 0.195573 0.0546296 0.0109375 0.0259259
0 0.159896 0.836574 0.0104167 0.025
0 0.394531 0.0375 0.0109375 0.025
0 0.772917 0.543056 0.0104167 0.025
0 0.565365 0.546759 0.0109375 0.025
0 0.419792 0.556481 0.0114583 0.0259259
0 0.758333 0.884722 0.0104167 0.025
0 0.454427 0.215741 0.0109375 0.0259259
0 0.664323 0.846759 0.0109375 0.025
0 0.942969 0.272685 0.0109375 0.025
0 0.74974 0.782407 0.0109375 0.0259259
0 0.0544271 0.101852 0.0109375 0.0259259
0 0.340365 0.592593 0.0109375 0.0259259
0 0.497396 0.110185 0.0104167 0.0259259
0 0.800781 0.793056 0.0109375 0.025
0 0.67526 0.537963 0.0109375 0.0259259
0 0.48724 0.580556 0.0109375 0.0259259
0 0.0742188 0.47037 0.0109375 0.0259259
0 0.253646 0.373148 0.0104167 0.0259259
0 0.348437 0.0347222 0.0104167 0.025
