0 0.417708 0.553704 0.0114583 0.0277778
0 0.395312 0.539815 0.0114583 0.0277778
0 0.00494792 0.553241 0.00989583 0.025
0 0.0276042 0.181944 0.0104167 0.025
0 0.378385 0.349537 0.0109375 0.0268519
0 0.0270833 0.145833 0.0104167 0.025
0 0.522135 0.429167 0.0109375 0.025
0 0.658073 0.23287 0.0109375 0.025
0 0.40599 0.225463 0.00989583 0.025
0 0.357292 0.650926 0.0104167 0.0259259
0 0.378385 0.741667 0.0109375 0.0259259
0 0.33776 0.578704 0.0109375 0.0259259
0 0.0257812 0.0625 0.0109375 0.025
0 0.685156 0.931481 0.0109375 0.0259259
0 0.25651 0.692593 0.0109375 0.0259259
0 0.380469 0.674074 0.0109375 0.0259259
0 0.91849 0.497222 0.0109375 0.0259259
0 0.954427 0.515278 0.0109375 0.025
0 0.25026 0.273611 0.0109375 0.0268519
0 0.657812 0.962963 0.0104167 0.0259259
0 0.764323 0.975 0.0109375 0.0259259
0 0.822656 0.3625 0.0109375 0.025
0 0.683073 0.062037 0.0109375 0.0259259
0 0.546354 0.7375 0.0104167 0.025
0 0.308073 0.75463 0.0109375 0.0259259
0 0.503385 0.689815 0.0109375 0.0259259
0 0.0265625 0.102778 0.0104167 0.0259259
0 0.303125 0.579167 0.0104167 0.025
0 0.627344 0.945833 0.0109375 0.0268519
0 0.228125 0.115278 0.0104167 0.025
0 0.403906 0.133333 0.0109375 0.0259259
