0 0.820052 0.186111 0.00989583 0.0259259
0 0.519531 0.110185 0.0109375 0.0259259
0 0.738542 0.806481 0.0104167 0.0240741
0 0.655729 0.78287 0.0104167 0.025
0 0.613542 0.744907 0.0104167 0.025
0 0.432292 0.84213 0.0104167 0.025
0 0.301042 0.100926 0.0104167 0.0240741
0 0.782812 0.474537 0.0104167 0.025
0 0.602604 0.141204 0.0104167 0.025
0 0.224219 0.0777778 0.0109375 0.0259259
0 0.598958 0.84213 0.0104167 0.025
0 0.274479 0.228241 0.0104167 0.025
0 0.121094 0.933333 0.0109375 0.0259259
0 0.863802 0.243519 0.0109375 0.0259259
0 0.777865 0.653704 0.0109375 0.0259259
0 0.501823 0.522685 0.0109375 0.025
0 0.645312 0.666204 0.0104167 0.025
0 0.54401 0.118519 0.0109375 0.0259259
0 0.332552 0.426852 0.0109375 0.0259259
0 0.286979 0.275 0.0104167 0.0259259
0 0.173698 0.184259 0.0109375 0.0259259
0 0.748438 0.918056 0.0104167 0.025
0 0.324219 0.317593 0.0109375 0.0259259
0 0.945052 0.0342593 0.0109375 0.0259259
0 0.433333 0.131019 0.0104167 0.025
0 0.499479 0.361574 0.0104167 0.025
0 0.494271 0.830093 0.0104167 0.025
0 0.84401 0.105556 0.0109375 0.0259259
0 0.632031 0.500926 0.0109375 0.0259259
0 0.0195312 0.172222 0.0109375 0.0259259
0 0.308594 0.224537 0.0109375 0.025
0 0.457812 0.858796 0.0104167 0.025
0 0.379687 0.731944 0.0104167 0.025
0 0.795313 0.325926 0.0104167 0.0240741
0 0.785937 0.0226852 0.0104167 0.025
0 0.127604 0.217593 0.0104167 0.0259259
0 0.39401 0.637963 0.0109375 0.0259259
0 0.579687 0.643056 0.0104167 0.025
0 0.597656 0.0231481 0.0109375 0.0259259
0 0.315104 0.378704 0.0104167 0.0259259
0 0.802604 0.227315 0.0104167 0.025
0 0.950781 0.272222 0.0109375 0.0259259
0 0.916927 0.260648 0.0109375 0.025
0 0.647656 0.325926 0.0109375 0.0259259
0 0.373698 0.568981 0.0109375 0.025
0 0.789323 0.401852 0.0109375 0.0259259
