0 0.938281 0.0115741 0.0109375 0.0231481
0 0.745052 0.633333 0.0109375 0.0259259
0 0.938281 0.0490741 0.0109375 0.0259259
0 0.540104 0.186111 0.0104167 0.0259259
0 0.789583 0.909722 0.0104167 0.025
0 0.49401 0.247222 0.0109375 0.0259259
0 0.963802 0.711111 0.0109375 0.0259259
0 0.686458 0.718518 0.0104167 0.0259259
0 0.770312 0.335648 0.0104167 0.025
0 0.617188 0.0777778 0.0104167 0.0240741
0 0.965625 0.578241 0.0104167 0.025
0 0.675781 0.146759 0.0109375 0.025
0 0.201823 0.806481 0.00989583 0.0240741
0 0.814323 0.421759 0.0109375 0.025
0 0.446094 0.0324074 0.0109375 0.0259259
0 0.476302 0.165278 0.0109375 0.025
0 0.417448 0.0958333 0.0109375 0.025
0 0.859115 0.306481 0.0109375 0.0259259
0 0.572135 0.435185 0.0109375 0.0259259
0 0.0570313 0.15 0.0109375 0.0259259
0 0.97474 0.973611 0.0109375 0.025
0 0.37526 0.137963 0.0109375 0.0259259
0 0.811719 0.334259 0.0109375 0.0259259
0 0.948698 0.503241 0.0109375 0.025
0 0.828385 0.977315 0.0109375 0.025
0 0.903385 0.220833 0.0109375 0.025
0 0.647917 0.05 0.0104167 0.0259259
0 0.791406 0.283796 0.0109375 0.025
0 0.374219 0.202315 0.0109375 0.025
