0 0.996875 0.781944 0.00625 0.0268519
0 0.996354 0.694907 0.00729167 0.025
0 0.453906 0.982407 0.0109375 0.0259259
0 0.784115 0.985185 0.0109375 0.0259259
0 0.466927 0.398148 0.0109375 0.0259259
0 0.0138021 0.0824074 0.0109375 0.0259259
0 0.569271 0.145833 0.0104167 0.025
0 0.728385 0.724074 0.0109375 0.0259259
0 0.18099 0.600926 0.0109375 0.0259259
0 0.440885 0.677778 0.0109375 0.0259259
0 0.0236979 0.122222 0.0109375 0.0259259
0 0.24401 0.320833 0.0109375 0.025
0 0.400781 0.15787 0.0109375 0.025
0 0.444792 0.418981 0.0104167 0.025
0 0.0341146 0.787963 0.0109375 0.0259259
0 0.189063 0.813426 0.0104167 0.025
0 0.167969 0.776852 0.0109375 0.0259259
0 0.347917 0.750926 0.0104167 0.0259259
0 0.567969 0.872222 0.0109375 0.0259259
0 0.59401 0.212037 0.0109375 0.0259259
0 0.899219 0.780556 0.0109375 0.0259259
0 0.0916667 0.8375 0.0104167 0.025
0 0.330208 0.533796 0.0104167 0.025
0 0.851823 0.918056 0.0109375 0.025
0 0.372917 0.759722 0.0104167 0.025
0 0.90599 0.55 0.0109375 0.0259259
0 0.28724 0.244444 0.0109375 0.0259259
0 0.790885 0.663426 0.0109375 0.025
0 0.233073 0.927778 0.0109375 0.0259259
0 0.653646 0.801389 0.0104167 0.025
0 0.109635 0.896296 0.0109375 0.0259259
0 0.184896 0.131481 0.0104167 0.0259259
0 0.0940104 0.439815 0.0109375 0.0259259
0 0.366927 0.668056 0.0109375 0.025
0 0.270052 0.287037 0.0109375 0.0259259
0 0.857031 0.598148 0.0109375 0.0259259
0 0.755208 0.112963 0.0104167 0.0259259
0 0.450521 0.10787 0.0104167 0.025
0 0.721094 0.147222 0.0109375 0.0259259
0 0.733594 0.55787 0.0109375 0.025
0 0.0677083 0.103241 0.0104167 0.025
0 0.545313 0.0148148 0.0104167 0.0259259
0 0.513542 0.375463 0.0104167 0.025
0 0.221094 0.0782407 0.0109375 0.0268519
0 0.478906 0.958796 0.0109375 0.025
0 0.420833 0.862037 0.0104167 0.0240741
0 0.734635 0.763889 0.0109375 0.0259259
0 0.461198 0.0490741 0.0109375 0.0259259
0 0.959635 0.897685 0.0109375 0.025
0 0.805729 0.701389 0.0104167 0.025
0 0.345052 0.462963 0.0109375 0.0259259
0 0.75026 0.844907 0.0109375 0.025
0 0.954427 0.552315 0.0109375 0.025
0 0.21276 0.215741 0.0109375 0.0259259
0 0.0804688 0.351852 0.0109375 0.0259259
0 0.90026 0.871296 0.0109375 0.0259259
