0 0.557031 0.944907 0.0109375 0.0268519
0 0.458073 0.0296296 0.0109375 0.0259259
0 0.408594 0.830093 0.0109375 0.0268519
0 0.840365 0.951852 0.0109375 0.0259259
0 0.126042 0.374537 0.0104167 0.025
0 0.308594 0.205556 0.0109375 0.0259259
0 0.30651 0.489352 0.0109375 0.025
0 0.65625 0.654167 0.0104167 0.025
0 0.116146 0.280093 0.0104167 0.025
0 0.0611979 0.383333 0.0109375 0.0259259
0 0.294271 0.538426 0.0104167 0.025
0 0.521875 0.740278 0.0104167 0.025
0 0.294531 0.591667 0.0109375 0.0259259
0 0.404427 0.626389 0.0109375 0.025
0 0.529167 0.693981 0.0104167 0.025
0 0.122656 0.732407 0.0109375 0.0259259
0 0.102865 0.849074 0.0109375 0.0259259
0 0.104167 0.649074 0.0104167 0.0259259
0 0.30026 0.448611 0.0109375 0.025
0 0.36276 0.747685 0.0109375 0.025
0 0.752344 0.925 0.0109375 0.0259259
