0 0.12526 0.0564815 0.0109375 0.0259259
0 0.403125 0.0986111 0.0104167 0.025
0 0.332292 0.473611 0.0104167 0.025
0 0.327604 0.704167 0.0104167 0.025
0 0.227865 0.119444 0.0109375 0.0259259
0 0.388542 0.159259 0.0104167 0.0259259
0 0.847135 0.238889 0.0109375 0.0259259
0 0.148698 0.378241 0.0109375 0.025
0 0.466927 0.83287 0.0109375 0.025
0 0.695052 0.223611 0.0109375 0.025
0 0.398438 0.443056 0.0104167 0.025
0 0.0752604 0.132407 0.0109375 0.0259259
0 0.188281 0.65463 0.0109375 0.0259259
0 0.607031 0.312037 0.0109375 0.0259259
0 0.488021 0.950463 0.0104167 0.025
0 0.209896 0.0402778 0.0104167 0.025
0 0.408594 0.889352 0.0109375 0.0268519
0 0.953385 0.378241 0.0109375 0.025
0 0.59974 0.15463 0.0109375 0.0259259
0 0.894792 0.249074 0.0104167 0.0259259
0 0.11901 0.548611 0.0109375 0.025
0 0.439063 0.106019 0.0104167 0.025
0 0.0822917 0.338889 0.0104167 0.0259259
0 0.203385 0.734259 0.0109375 0.0259259
0 0.66901 0.474074 0.0109375 0.0259259
0 0.822656 0.213889 0.0109375 0.0259259
0 0.347135 0.404167 0.0109375 0.0268519
0 0.408594 0.726389 0.00989583 0.025
0 0.622656 0.087037 0.0109375 0.0259259
0 0.674219 0.409259 0.0109375 0.0259259
0 0.215365 0.888426 0.00989583 0.025
0 0.20599 0.403704 0.0109375 0.0259259
0 0.207031 0.568056 0.0109375 0.025
0 0.151823 0.859722 0.0109375 0.025
0 0.36224 0.936111 0.0109375 0.0259259
0 0.0429688 0.138889 0.0109375 0.0259259
0 0.443229 0.696296 0.0104167 0.0259259
0 0.0763021 0.05 0.0109375 0.0259259
0 0.497656 0.869444 0.0109375 0.0259259
0 0.105208 0.224537 0.0104167 0.025
0 0.535937 0.834722 0.0104167 0.025
0 0.0893229 0.446296 0.0109375 0.0259259
0 0.380729 0.102315 0.0104167 0.025
0 0.463281 0.17037 0.0109375 0.0259259
0 0.0421875 0.347222 0.0104167 0.0259259
0 0.991667 0.308333 0.0114583 0.0259259
0 0.229948 0.95787 0.0109375 0.0268519
