0 0.730729 0.987963 0.0104167 0.0240741
0 0.529948 0.553704 0.00989583 0.0351852
0 0.530208 0.537963 0.0104167 0.0259259
0 0.552083 0.0949074 0.0104167 0.025
0 0.981771 0.025463 0.0104167 0.025
0 0.402344 0.317593 0.00989583 0.0240741
0 0.40651 0.235185 0.0109375 0.0259259
0 0.745052 0.410185 0.0109375 0.0259259
0 0.492188 0.261111 0.0114583 0.0259259
0 0.635938 0.265278 0.0104167 0.025
0 0.608073 0.121759 0.0109375 0.025
0 0.545052 0.43287 0.0109375 0.025
0 0.541146 0.5 0.0104167 0.0240741
0 0.971094 0.611111 0.0109375 0.0259259
0 0.933594 0.668519 0.0109375 0.0259259
0 0.93099 0.556481 0.0109375 0.0259259
0 0.89349 0.755556 0.0109375 0.0259259
0 0.854427 0.525463 0.0109375 0.0268519
0 0.29401 0.0638889 0.0109375 0.0259259
0 0.673958 0.448611 0.0104167 0.025
0 0.741146 0.707407 0.0114583 0.0259259
0 0.905729 0.677778 0.0104167 0.0259259
0 0.501302 0.737037 0.0109375 0.0259259
0 0.528125 0.575463 0.0104167 0.025
0 0.480208 0.85787 0.0104167 0.025
0 0.403646 0.0912037 0.0104167 0.025
