0 0.0723958 0.012037 0.0104167 0.0240741
0 0.374479 0.766204 0.0104167 0.025
0 0.760677 0.289815 0.0109375 0.0259259
0 0.182292 0.738889 0.0104167 0.0240741
0 0.471615 0.242593 0.0109375 0.0259259
0 0.108073 0.510185 0.0109375 0.0259259
0 0.969531 0.537037 0.0109375 0.0259259
0 0.45026 0.223148 0.0109375 0.0259259
0 0.59974 0.558333 0.0109375 0.0259259
0 0.26224 0.353704 0.0109375 0.0259259
0 0.279427 0.433333 0.0109375 0.0259259
0 0.198958 0.676389 0.0104167 0.025
0 0.230469 0.641204 0.00989583 0.025
0 0.0210938 0.484259 0.0109375 0.0259259
0 0.805208 0.660648 0.0104167 0.025
0 0.101302 0.187037 0.0109375 0.0259259
0 0.53776 0.399074 0.0109375 0.0259259
0 0.846875 0.864352 0.0104167 0.025
0 0.183594 0.158333 0.0109375 0.0259259
0 0.833594 0.543056 0.0109375 0.025
0 0.0356771 0.377315 0.0109375 0.025
0 0.0695312 0.168981 0.0109375 0.025
0 0.255208 0.310185 0.0114583 0.0277778
0 0.930729 0.77037 0.0104167 0.0240741
0 0.420052 0.225926 0.0109375 0.0259259
0 0.609635 0.972222 0.0109375 0.0259259
0 0.492969 0.203704 0.0109375 0.0259259
0 0.434635 0.30463 0.0109375 0.0259259
0 0.0325521 0.9125 0.0109375 0.025
0 0.352865 0.769444 0.0109375 0.0259259
0 0.751042 0.87037 0.0104167 0.0240741
0 0.0226563 0.256481 0.0109375 0.0259259
0 0.792708 0.526852 0.0104167 0.0240741
0 0.511719 0.347222 0.0109375 0.0259259
0 0.917188 0.968056 0.0104167 0.025
0 0.877344 0.591204 0.0109375 0.025
0 0.717448 0.5 0.00989583 0.0240741
0 0.0979167 0.0782407 0.0104167 0.025
0 0.577344 0.75 0.0109375 0.0259259
