0 0.995833 0.59213 0.00833333 0.025
0 0.32474 0.188889 0.0109375 0.0259259
0 0.0565104 0.0324074 0.0109375 0.0259259
0 0.208854 0.749537 0.0104167 0.025
0 0.0908854 0.340741 0.0109375 0.0259259
0 0.416667 0.131481 0.0104167 0.0240741
0 0.873438 0.387963 0.0114583 0.0259259
0 0.215104 0.0902778 0.0114583 0.0268519
0 0.578385 0.0305556 0.00989583 0.0240741
0 0.88151 0.956481 0.0109375 0.0259259
0 0.21276 0.974537 0.0109375 0.025
0 0.690104 0.928241 0.0104167 0.025
0 0.535417 0.0523148 0.0104167 0.025
0 0.825521 0.803704 0.0104167 0.0240741
0 0.0541667 0.204167 0.0104167 0.025
0 0.694531 0.719444 0.0109375 0.0259259
0 0.652865 0.962037 0.0109375 0.0259259
0 0.0942708 0.49213 0.0104167 0.025
0 0.0455729 0.278704 0.0109375 0.0259259
0 0.788802 0.470833 0.0109375 0.0268519
0 0.227865 0.930093 0.0109375 0.025
0 0.0106771 0.548611 0.0109375 0.025
0 0.467708 0.425463 0.0104167 0.025
0 0.782031 0.840741 0.0109375 0.0259259
0 0.388802 0.159722 0.0109375 0.025
0 0.284635 0.344444 0.0109375 0.0259259
0 0.303125 0.241204 0.0104167 0.025
0 0.865625 0.773148 0.0104167 0.0240741
0 0.0325521 0.326852 0.0109375 0.0259259
0 0.279167 0.560648 0.0104167 0.025
0 0.0507812 0.100926 0.0109375 0.0259259
0 0.733594 0.85787 0.0109375 0.025
0 0.252083 0.594907 0.0104167 0.025
0 0.0804688 0.397222 0.0109375 0.0259259
