0 0.0648438 0.182407 0.0109375 0.0259259
0 0.639583 0.3875 0.0104167 0.025
0 0.855208 0.360185 0.0104167 0.0240741
0 0.23151 0.220833 0.0109375 0.025
0 0.838542 0.465741 0.0104167 0.0259259
0 0.779167 0.878241 0.0104167 0.025
0 0.222656 0.813889 0.0109375 0.0259259
0 0.878906 0.396759 0.0109375 0.025
0 0.145573 0.557407 0.0109375 0.0259259
0 0.552865 0.55463 0.0109375 0.0259259
0 0.559115 0.396759 0.0109375 0.025
0 0.975781 0.974074 0.0109375 0.0259259
0 0.13776 0.95 0.0109375 0.0259259
0 0.190365 0.539815 0.0109375 0.0259259
0 0.213021 0.360648 0.0104167 0.025
0 0.178385 0.336111 0.0109375 0.0259259
0 0.549479 0.32037 0.0104167 0.0259259
0 0.798698 0.75 0.0109375 0.0259259
0 0.73099 0.232407 0.0109375 0.0259259
0 0.713802 0.3375 0.0109375 0.025
0 0.198437 0.133796 0.0104167 0.025
0 0.813802 0.613889 0.0109375 0.0259259
0 0.129688 0.731019 0.0104167 0.025
0 0.952865 0.175926 0.0109375 0.0259259
