0 0.978385 0.611574 0.0109375 0.0268519
0 0.967708 0.9875 0.0104167 0.025
0 0.659635 0.987963 0.00989583 0.0240741
0 0.98776 0.553704 0.0119792 0.0277778
0 0.58151 0.255093 0.0109375 0.0268519
0 0.452083 0.987037 0.0104167 0.0240741
0 0.0192708 0.757407 0.0104167 0.0240741
0 0.0140625 0.939815 0.0104167 0.0240741
0 0.0565104 0.64213 0.00989583 0.025
0 0.10651 0.484259 0.0109375 0.0259259
0 0.70651 0.301852 0.0109375 0.0259259
0 0.0588542 0.261574 0.0104167 0.025
0 0.761719 0.831944 0.00989583 0.025
0 0.927865 0.763889 0.0109375 0.0259259
0 0.00833333 0.494444 0.0104167 0.0259259
0 0.727865 0.939815 0.00989583 0.0240741
0 0.733073 0.551852 0.0109375 0.0259259
0 0.0197917 0.334259 0.0104167 0.0259259
0 0.422917 0.181481 0.0104167 0.0259259
0 0.915885 0.871296 0.0109375 0.0259259
0 0.916406 0.389815 0.0109375 0.0259259
0 0.790104 0.660648 0.0104167 0.025
0 0.429167 0.518056 0.0104167 0.025
0 0.735937 0.2375 0.0104167 0.025
0 0.890104 0.393981 0.0104167 0.025
0 0.640104 0.606944 0.0104167 0.025
0 0.827344 0.731019 0.0109375 0.025
0 0.234635 0.461111 0.0109375 0.0259259
0 0.215885 0.524074 0.0109375 0.0259259
0 0.433073 0.0916667 0.0109375 0.0259259
0 0.133594 0.642593 0.0109375 0.0259259
0 0.894531 0.487037 0.0109375 0.0259259
0 0.38776 0.44537 0.0109375 0.0259259
0 0.195573 0.367593 0.0109375 0.0259259
0 0.488021 0.541204 0.0104167 0.025
0 0.101042 0.548611 0.0104167 0.025
0 0.645052 0.880556 0.0109375 0.0259259
0 0.879687 0.0930556 0.0104167 0.025
0 0.540885 0.571296 0.0109375 0.0259259
0 0.799219 0.58287 0.00989583 0.025
0 0.0617188 0.359722 0.0109375 0.025
0 0.423698 0.456481 0.0109375 0.0259259
0 0.0518229 0.303704 0.0109375 0.0259259
0 0.0421875 0.687963 0.0114583 0.0259259
0 0.351823 0.503241 0.0109375 0.025
0 0.601302 0.592593 0.0109375 0.0259259
