0 0.563021 0.819907 0.0104167 0.025
0 0.0158854 0.075 0.0109375 0.0259259
0 0.238021 0.768981 0.0104167 0.025
0 0.860156 0.818056 0.0109375 0.025
0 0.51901 0.396759 0.0109375 0.025
0 0.585677 0.827778 0.00989583 0.0240741
0 0.604167 0.366204 0.0104167 0.025
0 0.525781 0.593518 0.0109375 0.0259259
0 0.471615 0.330093 0.0109375 0.025
0 0.264844 0.789352 0.0109375 0.025
0 0.96224 0.973148 0.0109375 0.0259259
0 0.822135 0.803704 0.0109375 0.0259259
0 0.66224 0.240278 0.0109375 0.025
0 0.307292 0.472685 0.0104167 0.025
0 0.105469 0.652778 0.0109375 0.0259259
0 0.94401 0.627315 0.0109375 0.0268519
0 0.496354 0.876389 0.0104167 0.025
0 0.908333 0.613426 0.0104167 0.025
0 0.969531 0.910185 0.0109375 0.0259259
0 0.0726563 0.571296 0.0109375 0.0259259
0 0.71901 0.536111 0.0109375 0.0259259
0 0.688281 0.105093 0.0109375 0.025
0 0.101562 0.306944 0.0104167 0.025
0 0.0856771 0.839815 0.0109375 0.0259259
0 0.684635 0.866667 0.0109375 0.0259259
0 0.284375 0.1875 0.0104167 0.025
0 0.517708 0.801852 0.0104167 0.0259259
0 0.755729 0.793519 0.0104167 0.0259259
0 0.526823 0.7375 0.0109375 0.025
0 0.0330729 0.327778 0.0109375 0.0259259
0 0.638802 0.805556 0.0109375 0.0259259
0 0.266406 0.45787 0.0109375 0.025
0 0.897135 0.707407 0.0109375 0.0259259
0 0.40026 0.725926 0.00989583 0.0240741
0 0.0898438 0.780093 0.0109375 0.025
0 0.547656 0.145833 0.00989583 0.025
0 0.383073 0.834259 0.0109375 0.0259259
0 0.286198 0.415741 0.0109375 0.0259259
0 0.798958 0.868981 0.0104167 0.025
0 0.589844 0.491204 0.0109375 0.025
0 0.838802 0.615741 0.0109375 0.0259259
0 0.378385 0.72963 0.0109375 0.0259259
0 0.00911458 0.566667 0.0109375 0.0259259
0 0.854688 0.931481 0.0104167 0.0259259
