0 0.55599 0.641667 0.0109375 0.0259259
0 0.0367187 0.0842593 0.0109375 0.0259259
0 0.13099 0.419444 0.0109375 0.0259259
0 0.68099 0.0625 0.0109375 0.0268519
0 0.450781 0.678241 0.0109375 0.0268519
0 0.0523437 0.22963 0.0109375 0.0259259
0 0.62474 0.862037 0.0109375 0.0259259
0 0.76901 0.115741 0.0109375 0.0259259
0 0.911719 0.860648 0.0109375 0.025
0 0.466406 0.594444 0.0109375 0.0259259
0 0.73151 0.143519 0.0109375 0.0259259
0 0.960156 0.906482 0.0109375 0.0259259
0 0.539323 0.857407 0.0109375 0.0259259
0 0.955469 0.0884259 0.0109375 0.025
0 0.711198 0.947222 0.0109375 0.0259259
0 0.667448 0.927315 0.0109375 0.025
