0 0.16901 0.212037 0.0109375 0.0259259
0 0.227604 0.676389 0.0104167 0.025
0 0.209635 0.313889 0.0109375 0.0259259
0 0.158073 0.293519 0.0109375 0.0259259
0 0.354948 0.592593 0.0109375 0.0259259
0 0.24974 0.262037 0.0109375 0.0259259
0 0.163542 0.596759 0.0104167 0.025
0 0.276042 0.944907 0.0104167 0.025
0 0.801302 0.0375 0.0109375 0.025
0 0.70625 0.757407 0.0104167 0.0259259
0 0.310677 0.129167 0.0109375 0.025
0 0.596875 0.185648 0.0104167 0.025
0 0.0351562 0.753241 0.0109375 0.025
0 0.0609375 0.408796 0.0104167 0.025
0 0.248437 0.646296 0.0104167 0.0259259
0 0.713802 0.112037 0.0109375 0.0259259
0 0.257812 0.821296 0.0114583 0.0259259
0 0.860417 0.462037 0.0104167 0.0259259
0 0.63151 0.160185 0.0109375 0.0259259
0 0.526823 0.679167 0.0109375 0.025
0 0.35599 0.696759 0.0109375 0.025
0 0.679948 0.69213 0.0109375 0.025
0 0.0669271 0.243981 0.0109375 0.025
0 0.00963542 0.0847222 0.0109375 0.0268519
0 0.592969 0.817593 0.0109375 0.0259259
0 0.00833333 0.786574 0.0104167 0.025
0 0.354688 0.0930556 0.0104167 0.025
0 0.0307292 0.141204 0.0104167 0.025
0 0.4 0.761111 0.0114583 0.0277778
0 0.54974 0.771296 0.0109375 0.0259259
0 0.389323 0.270833 0.0109375 0.025
