0 0.0200521 0.987963 0.0109375 0.0240741
0 0.00286458 0.669444 0.00572917 0.0259259
0 0.0377604 0.611111 0.00989583 0.0240741
0 0.495573 0.35 0.0109375 0.0259259
0 0.0481771 0.025 0.00989583 0.0240741
0 0.303646 0.1375 0.0104167 0.025
0 0.0752604 0.730556 0.0109375 0.0259259
0 0.586979 0.16713 0.0104167 0.025
0 0.625521 0.328241 0.0104167 0.025
0 0.583854 0.226389 0.0104167 0.025
0 0.420573 0.910648 0.0109375 0.025
0 0.608333 0.95463 0.0104167 0.0240741
0 0.736719 0.618981 0.0109375 0.025
0 0.632552 0.802778 0.0109375 0.0259259
0 0.645573 0.0361111 0.0109375 0.0259259
0 0.396615 0.576852 0.0109375 0.0259259
0 0.746094 0.975 0.0109375 0.0259259
0 0.829948 0.581019 0.0109375 0.025
0 0.719531 0.732407 0.0109375 0.0259259
0 0.241927 0.334722 0.0109375 0.025
0 0.766406 0.668519 0.0109375 0.0259259
0 0.655208 0.835648 0.0104167 0.025
0 0.952604 0.625 0.0104167 0.0259259
