0 0.208073 0.322222 0.0109375 0.0259259
0 0.260156 0.47037 0.0109375 0.0259259
0 0.200781 0.766667 0.0109375 0.0259259
0 0.189323 0.430556 0.0109375 0.0259259
0 0.252344 0.087963 0.0109375 0.0259259
0 0.286719 0.425 0.0109375 0.0259259
0 0.0507812 0.857407 0.0109375 0.0259259
0 0.77526 0.378241 0.0109375 0.025
0 0.135937 0.929167 0.0104167 0.025
0 0.235938 0.178704 0.0104167 0.0259259
0 0.114323 0.777315 0.0109375 0.025
0 0.176563 0.958796 0.0104167 0.025
0 0.478906 0.306481 0.0109375 0.0259259
0 0.117969 0.149537 0.0109375 0.025
0 0.123177 0.675463 0.0109375 0.025
0 0.0179687 0.842593 0.0109375 0.0259259
