0 0.0200521 0.306019 0.0109375 0.0268519
0 0.439844 0.120833 0.0109375 0.025
0 0.317708 0.0425926 0.0114583 0.0277778
0 0.503646 0.505556 0.0104167 0.0259259
0 0.70599 0.421296 0.0109375 0.0259259
0 0.491927 0.328704 0.0109375 0.0259259
0 0.524219 0.385648 0.0109375 0.025
0 0.108594 0.0787037 0.0109375 0.0259259
0 0.0419271 0.203704 0.0109375 0.0259259
0 0.496875 0.644907 0.0104167 0.025
0 0.745573 0.958333 0.0109375 0.0259259
0 0.489062 0.156944 0.0114583 0.0268519
0 0.0752604 0.230556 0.0109375 0.0259259
0 0.54349 0.277778 0.0109375 0.0259259
0 0.346615 0.668519 0.0109375 0.0259259
0 0.398438 0.89213 0.0104167 0.025
0 0.096875 0.168056 0.0104167 0.025
0 0.503906 0.947222 0.0109375 0.0259259
0 0.341927 0.789815 0.0109375 0.0259259
0 0.511719 0.458333 0.0109375 0.0259259
0 0.467708 0.0671296 0.0114583 0.0268519
