0 0.449219 0.0393519 0.00989583 0.025
0 0.763542 0.723611 0.0104167 0.025
0 0.685417 0.930093 0.0104167 0.025
0 0.985156 0.716667 0.0109375 0.0259259
0 0.716667 0.94213 0.0104167 0.025
0 0.43151 0.911111 0.0109375 0.0259259
0 0.0460938 0.760185 0.00989583 0.0240741
0 0.659115 0.919907 0.0109375 0.025
0 0.46901 0.76713 0.0109375 0.025
0 0.945052 0.566667 0.0109375 0.0259259
0 0.784115 0.37963 0.0109375 0.0259259
0 0.895833 0.556019 0.0104167 0.025
0 0.795573 0.255556 0.0109375 0.0259259
0 0.44974 0.820833 0.00989583 0.025
0 0.883594 0.947685 0.0109375 0.0268519
0 0.71224 0.829167 0.00989583 0.025
0 0.270833 0.400463 0.0104167 0.025
0 0.272396 0.772685 0.0104167 0.025
0 0.51849 0.866204 0.00989583 0.025
0 0.777604 0.0930556 0.0104167 0.025
0 0.908594 0.211111 0.0109375 0.0259259
0 0.692187 0.890278 0.0104167 0.025
0 0.944531 0.424537 0.0109375 0.025
0 0.716667 0.561111 0.0104167 0.0259259
0 0.304688 0.800926 0.0104167 0.0240741
0 0.721875 0.247685 0.0104167 0.025
0 0.789844 0.568519 0.0109375 0.0259259
0 0.00598958 0.755093 0.0109375 0.025
0 0.0888021 0.849074 0.0109375 0.0259259
0 0.903646 0.713426 0.0104167 0.025
0 0.885156 0.893519 0.0109375 0.0259259
0 0.477865 0.894907 0.0109375 0.025
