0 0.26224 0.85463 0.0109375 0.0259259
0 0.938542 0.406481 0.0104167 0.0259259
0 0.290365 0.610648 0.0109375 0.025
0 0.939323 0.075 0.0109375 0.0259259
0 0.852865 0.7 0.0109375 0.0259259
0 0.885417 0.908796 0.0104167 0.025
0 0.439844 0.0412037 0.0109375 0.025
0 0.660156 0.696759 0.0109375 0.025
0 0.54974 0.421296 0.0109375 0.0259259
0 0.595573 0.0277778 0.0109375 0.0259259
0 0.941927 0.700463 0.0109375 0.025
0 0.83724 0.906944 0.0109375 0.025
0 0.531771 0.135185 0.0104167 0.0240741
0 0.970052 0.378704 0.0109375 0.0259259
0 0.470052 0.848148 0.0109375 0.0259259
0 0.626042 0.176389 0.0104167 0.025
0 0.407031 0.656482 0.0109375 0.0259259
0 0.461458 0.440278 0.0104167 0.025
0 0.958073 0.550926 0.0109375 0.0259259
0 0.12526 0.630556 0.0109375 0.0259259
0 0.55599 0.666667 0.0109375 0.0259259
0 0.80026 0.901852 0.0109375 0.0259259
0 0.917448 0.700926 0.0109375 0.0259259
0 0.597656 0.886574 0.0109375 0.025
0 0.889583 0.968518 0.0104167 0.0259259
0 0.258333 0.933796 0.0104167 0.025
0 0.56849 0.717593 0.0109375 0.0259259
0 0.730469 0.141204 0.0109375 0.025
0 0.479948 0.485185 0.0109375 0.0259259
0 0.769531 0.878704 0.0109375 0.0259259
0 0.926823 0.524537 0.0109375 0.0268519
0 0.979948 0.910185 0.0109375 0.0259259
0 0.69349 0.698148 0.0109375 0.0259259
0 0.441927 0.938426 0.0109375 0.025
0 0.0919271 0.892593 0.0109375 0.0259259
0 0.355469 0.603704 0.0109375 0.0259259
0 0.577604 0.26713 0.0104167 0.025
0 0.189844 0.914815 0.0109375 0.0259259
0 0.114583 0.846759 0.0104167 0.025
0 0.53099 0.202315 0.0109375 0.0268519
0 0.614844 0.392593 0.0109375 0.0259259
0 0.11849 0.937963 0.0109375 0.0259259
0 0.455208 0.551852 0.0104167 0.0259259
0 0.445573 0.235185 0.0109375 0.0259259
0 0.405208 0.936574 0.0104167 0.025
