0 0.614583 0.851852 0.0114583 0.0277778
0 0.569531 0.697222 0.0109375 0.0259259
0 0.708594 0.772222 0.0109375 0.0259259
0 0.411198 0.0217593 0.0109375 0.025
0 0.464323 0.455556 0.0109375 0.0259259
0 0.818229 0.741204 0.0104167 0.025
0 0.324219 0.118981 0.0109375 0.025
0 0.0210938 0.514815 0.0109375 0.0259259
0 0.497135 0.125463 0.0109375 0.025
0 0.932031 0.161111 0.0109375 0.0259259
0 0.430469 0.57037 0.0109375 0.0259259
0 0.560677 0.188889 0.0109375 0.0259259
0 0.936198 0.883333 0.0109375 0.0259259
0 0.467969 0.327315 0.0109375 0.025
0 0.770573 0.801852 0.0109375 0.0259259
0 0.916927 0.251852 0.0109375 0.0259259
0 0.410937 0.701852 0.0104167 0.0259259
0 0.91276 0.428241 0.0109375 0.025
0 0.930208 0.950926 0.0104167 0.0259259
