0 0.328646 0.0412037 0.0104167 0.025
0 0.302604 0.940278 0.0104167 0.025
0 0.982552 0.43287 0.0109375 0.025
0 0.791406 0.534722 0.0109375 0.025
0 0.863021 0.876389 0.0104167 0.025
0 0.239063 0.075463 0.0104167 0.025
0 0.805729 0.218056 0.0104167 0.025
0 0.995573 0.0824074 0.00885417 0.0259259
0 0.832552 0.607407 0.0109375 0.0259259
0 0.0320312 0.262963 0.0109375 0.0259259
0 0.497656 0.551389 0.0109375 0.025
0 0.910156 0.251852 0.0109375 0.0259259
0 0.810677 0.419907 0.0109375 0.025
0 0.509115 0.219907 0.0109375 0.025
0 0.966927 0.329167 0.0109375 0.025
0 0.970312 0.968518 0.0104167 0.0259259
0 0.305729 0.0375 0.0104167 0.025
0 0.952865 0.406944 0.0109375 0.0268519
0 0.757031 0.325 0.0109375 0.0259259
0 0.68724 0.0740741 0.0109375 0.0259259
0 0.22526 0.37963 0.0109375 0.0259259
0 0.782812 0.4375 0.0104167 0.025
0 0.860677 0.726852 0.0109375 0.0259259
0 0.185677 0.137963 0.0109375 0.0259259
0 0.122135 0.493519 0.0109375 0.0259259
0 0.904948 0.138426 0.0109375 0.025
0 0.921094 0.900926 0.0109375 0.0259259
0 0.0890625 0.1125 0.0104167 0.025
0 0.88724 0.774074 0.0109375 0.0259259
0 0.753385 0.087037 0.0109375 0.0259259
0 0.942448 0.101852 0.0109375 0.0259259
0 0.802865 0.32963 0.0109375 0.0259259
0 0.499219 0.0907407 0.0109375 0.0259259
