0 0.682552 0.136574 0.0109375 0.025
0 0.779167 0.500463 0.0104167 0.025
0 0.932031 0.627778 0.0109375 0.0259259
0 0.136719 0.691204 0.0109375 0.025
0 0.700781 0.537037 0.0109375 0.0259259
0 0.686458 0.737037 0.0104167 0.0259259
0 0.078125 0.290278 0.0104167 0.025
0 0.886198 0.706481 0.0109375 0.0259259
0 0.678646 0.944444 0.0104167 0.0259259
0 0.15026 0.416667 0.0109375 0.0259259
0 0.529167 0.636111 0.0104167 0.0259259
0 0.796615 0.456944 0.0109375 0.025
0 0.956771 0.484722 0.0104167 0.025
0 0.396094 0.191667 0.0109375 0.0259259
0 0.691927 0.677778 0.0109375 0.0259259
0 0.882552 0.6 0.0109375 0.0259259
0 0.770052 0.390278 0.0109375 0.025
0 0.127344 0.175 0.0109375 0.0259259
