0 0.552344 0.156481 0.0109375 0.0259259
0 0.47474 0.260648 0.0109375 0.0268519
0 0.782552 0.973611 0.0109375 0.025
0 0.172135 0.746296 0.0109375 0.0259259
0 0.536719 0.383333 0.0109375 0.0259259
0 0.951042 0.896296 0.0104167 0.0240741
0 0.398958 0.754167 0.0104167 0.025
0 0.75026 0.95463 0.0109375 0.0259259
0 0.688802 0.0351852 0.0109375 0.0259259
0 0.55625 0.826852 0.0104167 0.0259259
0 0.24401 0.899074 0.0109375 0.0259259
0 0.86849 0.948611 0.0109375 0.025
0 0.197917 0.912037 0.0104167 0.0259259
0 0.364844 0.660648 0.0109375 0.025
0 0.302865 0.92963 0.0109375 0.0259259
