0 0.478646 0.869444 0.0114583 0.0277778
0 0.228125 0.062963 0.0104167 0.0240741
0 0.609115 0.693056 0.0109375 0.0268519
0 0.568229 0.459722 0.0104167 0.025
0 0.619531 0.752315 0.00989583 0.025
0 0.599479 0.639815 0.0104167 0.0240741
0 0.439323 0.212037 0.0109375 0.0259259
0 0.108594 0.696296 0.0109375 0.0259259
0 0.478385 0.160185 0.0109375 0.0259259
0 0.263021 0.491204 0.0104167 0.025
0 0.238021 0.127778 0.0104167 0.0240741
0 0.456771 0.259722 0.0104167 0.025
0 0.190365 0.348148 0.0109375 0.0259259
0 0.333073 0.230093 0.0109375 0.025
0 0.0802083 0.693981 0.0104167 0.025
0 0.21224 0.158333 0.0109375 0.0259259
0 0.305469 0.667593 0.0109375 0.0259259
