0 0.396875 0.741204 0.0114583 0.0268519
0 0.461979 0.456019 0.0104167 0.025
0 0.053125 0.2625 0.0104167 0.025
0 0.141927 0.75463 0.0109375 0.0259259
0 0.266406 0.0296296 0.00989583 0.0240741
0 0.358333 0.521759 0.0104167 0.025
0 0.573958 0.567593 0.0104167 0.0240741
0 0.934115 0.111111 0.0109375 0.0259259
0 0.339844 0.94537 0.0109375 0.0259259
0 0.121354 0.194444 0.0104167 0.0240741
0 0.482812 0.784722 0.0104167 0.025
0 0.276823 0.834259 0.0109375 0.0259259
0 0.639323 0.300463 0.0109375 0.0268519
0 0.664583 0.278704 0.0104167 0.0259259
0 0.00911458 0.759259 0.0109375 0.0259259
0 0.905208 0.365741 0.0104167 0.0259259
0 0.608594 0.618056 0.0109375 0.0268519
0 0.690625 0.259722 0.0104167 0.025
0 0.119792 0.773148 0.0104167 0.0259259
0 0.496094 0.414815 0.0109375 0.0259259
0 0.736198 0.485648 0.0109375 0.025
0 0.171615 0.732407 0.0109375 0.0259259
0 0.107552 0.966204 0.0109375 0.025
0 0.972917 0.0865741 0.0104167 0.025
0 0.508594 0.763426 0.0109375 0.025
0 0.666146 0.484722 0.0114583 0.0268519
0 0.604948 0.326852 0.0109375 0.0259259
0 0.766146 0.45 0.0104167 0.0259259
0 0.0302083 0.280556 0.0104167 0.0240741
0 0.488021 0.929167 0.0104167 0.025
0 0.435156 0.802778 0.0109375 0.0259259
0 0.775781 0.190741 0.0109375 0.0259259
0 0.697396 0.609722 0.0104167 0.025
0 0.628385 0.864815 0.0109375 0.0259259
0 0.55026 0.881481 0.0109375 0.0259259
0 0.305729 0.8125 0.0104167 0.025
0 0.32526 0.883333 0.0109375 0.0259259
0 0.805469 0.413889 0.0109375 0.0259259
