0 0.91849 0.613426 0.0109375 0.0268519
0 0.479948 0.188426 0.0109375 0.025
0 0.878385 0.678704 0.0109375 0.0259259
0 0.271354 0.0930556 0.0104167 0.025
0 0.421094 0.216667 0.0109375 0.0259259
0 0.0924479 0.495833 0.0109375 0.025
0 0.95625 0.143981 0.0104167 0.025
0 0.0299479 0.334259 0.0109375 0.0259259
0 0.0632813 0.3 0.0109375 0.0259259
0 0.608854 0.270833 0.0104167 0.025
0 0.797656 0.448148 0.0109375 0.0259259
0 0.318229 0.4875 0.0104167 0.025
0 0.144531 0.0361111 0.0109375 0.0259259
0 0.84974 0.55787 0.0109375 0.025
0 0.104427 0.381019 0.0109375 0.025
0 0.463281 0.272222 0.0109375 0.0259259
0 0.130469 0.127315 0.0109375 0.025
0 0.961719 0.578704 0.0109375 0.0259259
0 0.71224 0.279167 0.0109375 0.025
