0 0.0640625 0.819444 0.0125 0.0296296
0 0.311458 0.981481 0.0114583 0.0259259
0 0.0208333 0.505556 0.0104167 0.0240741
0 0.452865 0.80787 0.0109375 0.025
0 0.709896 0.331481 0.0104167 0.0240741
0 0.403646 0.343056 0.0104167 0.025
0 0.545573 0.7 0.0109375 0.0259259
0 0.0786458 0.816204 0.0104167 0.025
0 0.584896 0.673148 0.0104167 0.0240741
0 0.0559896 0.822685 0.0109375 0.025
0 0.65651 0.77037 0.0109375 0.0259259
0 0.50026 0.675 0.0109375 0.0259259
0 0.0309896 0.600926 0.0109375 0.0259259
0 0.283854 0.691204 0.0104167 0.025
0 0.0872396 0.553704 0.0109375 0.0259259
0 0.501042 0.243519 0.0104167 0.0240741
0 0.136719 0.862963 0.0109375 0.0259259
0 0.0640625 0.135185 0.0104167 0.0259259
0 0.588281 0.630093 0.0109375 0.025
0 0.783854 0.687963 0.0104167 0.0259259
0 0.79401 0.825926 0.0109375 0.0259259
0 0.596615 0.523148 0.0109375 0.0259259
0 0.634375 0.0986111 0.0104167 0.025
0 0.910677 0.949074 0.0109375 0.0259259
0 0.0434896 0.354167 0.00989583 0.025
0 0.0252604 0.717593 0.0109375 0.0259259
0 0.548437 0.954167 0.0104167 0.025
0 0.0257812 0.306944 0.0109375 0.025
0 0.617969 0.317593 0.0109375 0.0259259
0 0.967708 0.227315 0.0104167 0.025
0 0.160156 0.827778 0.0109375 0.0259259
0 0.0377604 0.464815 0.0109375 0.0259259
0 0.990885 0.553704 0.0109375 0.0259259
0 0.948177 0.572222 0.0109375 0.0259259
0 0.736719 0.834259 0.0109375 0.0259259
0 0.0411458 0.4 0.0104167 0.0259259
0 0.788542 0.623148 0.0104167 0.0259259
0 0.208073 0.781944 0.0109375 0.025
0 0.207031 0.708796 0.0109375 0.0268519
0 0.495833 0.377315 0.0104167 0.025
0 0.299219 0.568981 0.0109375 0.025
0 0.886198 0.793981 0.0109375 0.025
0 0.459635 0.936111 0.0109375 0.0259259
0 0.0239583 0.767593 0.0104167 0.0259259
0 0.93776 0.825 0.00989583 0.0240741
0 0.39349 0.926389 0.0109375 0.025
0 0.628646 0.884722 0.0104167 0.025
0 0.467448 0.634259 0.00989583 0.0240741
