0 0.0395833 0.276389 0.0114583 0.0268519
0 0.18776 0.520833 0.0109375 0.025
0 0.79401 0.666667 0.0109375 0.0259259
0 0.306771 0.698611 0.0104167 0.025
0 0.807031 0.0782407 0.0109375 0.025
0 0.402344 0.718518 0.0109375 0.0259259
0 0.991406 0.488889 0.0109375 0.0259259
0 0.144531 0.0907407 0.0109375 0.0259259
0 0.108073 0.332407 0.0109375 0.0259259
0 0.754948 0.676389 0.0109375 0.025
0 0.9375 0.854167 0.0104167 0.025
0 0.915885 0.656944 0.0109375 0.025
0 0.933594 0.912037 0.0109375 0.0259259
0 0.414062 0.611111 0.0104167 0.0259259
0 0.0580729 0.952315 0.0109375 0.025
0 0.916927 0.965741 0.0109375 0.0259259
0 0.85026 0.465741 0.0109375 0.0259259
0 0.965885 0.551852 0.0109375 0.0259259
0 0.855469 0.263426 0.0109375 0.025
0 0.0710938 0.287037 0.0109375 0.0259259
0 0.0434896 0.651389 0.0109375 0.025
0 0.784896 0.764352 0.0104167 0.025
0 0.935156 0.495833 0.0109375 0.0268519
0 0.783594 0.287963 0.0109375 0.0259259
