0 0.995833 0.567593 0.00833333 0.0259259
0 0.0278646 0.831019 0.0109375 0.025
0 0.988802 0.464352 0.0109375 0.025
0 0.854948 0.631944 0.0109375 0.025
0 0.247917 0.0412037 0.0104167 0.025
0 0.601823 0.498611 0.0109375 0.025
0 0.426562 0.581944 0.0104167 0.025
0 0.317708 0.61713 0.0104167 0.025
0 0.175 0.643519 0.0104167 0.0259259
0 0.513542 0.777778 0.0104167 0.0240741
0 0.0513021 0.531482 0.0109375 0.0259259
0 0.601302 0.768056 0.0109375 0.025
0 0.0328125 0.420833 0.0104167 0.025
0 0.359635 0.923148 0.0109375 0.0259259
0 0.60651 0.100926 0.0109375 0.0259259
0 0.158073 0.478704 0.0109375 0.0259259
0 0.0182292 0.520833 0.0104167 0.025
0 0.0802083 0.202315 0.0104167 0.025
0 0.23776 0.777778 0.0109375 0.0259259
0 0.0614583 0.302315 0.0104167 0.025
0 0.445312 0.818056 0.0104167 0.025
0 0.217448 0.726389 0.0109375 0.025
0 0.0950521 0.727778 0.0109375 0.0259259
0 0.684635 0.70787 0.0109375 0.025
0 0.0851562 0.671296 0.0109375 0.0259259
0 0.789323 0.221759 0.0109375 0.025
0 0.114844 0.89213 0.0109375 0.025
0 0.952344 0.338426 0.0109375 0.025
0 0.00807292 0.166667 0.0109375 0.0259259
0 0.70026 0.459722 0.0109375 0.025
0 0.626823 0.156944 0.0109375 0.025
