0 0.339583 0.0375 0.0114583 0.0268519
0 0.940365 0.608333 0.0109375 0.0259259
0 0.384635 0.303241 0.0109375 0.0268519
0 0.153385 0.431481 0.0109375 0.0259259
0 0.359115 0.318519 0.0109375 0.0259259
0 0.728906 0.318056 0.0109375 0.025
0 0.460156 0.255093 0.0109375 0.025
0 0.482031 0.104167 0.0109375 0.025
0 0.196094 0.185648 0.0109375 0.025
0 0.705729 0.216204 0.0114583 0.0268519
0 0.685156 0.431481 0.0109375 0.0259259
0 0.683073 0.114815 0.0109375 0.0259259
0 0.636458 0.914352 0.0104167 0.025
0 0.822396 0.718056 0.0104167 0.025
0 0.0763021 0.468056 0.0109375 0.025
0 0.93724 0.647222 0.0109375 0.0259259
0 0.484375 0.399537 0.0114583 0.0268519
0 0.702344 0.947222 0.0109375 0.0259259
0 0.558073 0.467593 0.0109375 0.0259259
0 0.530208 0.768519 0.0104167 0.0259259
0 0.49349 0.449074 0.0109375 0.0259259
