0 0.370313 0.25787 0.0104167 0.025
0 0.211719 0.477778 0.0109375 0.0259259
0 0.107031 0.843982 0.0109375 0.0268519
0 0.928646 0.0962963 0.0104167 0.0259259
0 0.533073 0.217593 0.0109375 0.0259259
0 0.0947917 0.743056 0.0104167 0.025
0 0.147656 0.275463 0.0109375 0.025
0 0.28724 0.34537 0.0109375 0.0259259
0 0.957812 0.613426 0.0104167 0.025
0 0.257552 0.35 0.0109375 0.0259259
0 0.0770833 0.644444 0.0104167 0.0259259
0 0.191927 0.752778 0.0109375 0.0259259
0 0.369792 0.0796296 0.0104167 0.0240741
0 0.0653646 0.0324074 0.0109375 0.0259259
0 0.364062 0.173611 0.0104167 0.025
0 0.0552083 0.594907 0.0104167 0.025
0 0.128125 0.3375 0.0104167 0.025
0 0.314323 0.389815 0.0109375 0.0259259
