0 0.989844 0.0319444 0.0109375 0.025
0 0.824479 0.922685 0.0104167 0.025
0 0.46901 0.95463 0.0109375 0.0259259
0 0.191146 0.199537 0.0104167 0.025
0 0.492448 0.743519 0.0109375 0.0259259
0 0.55651 0.65 0.0109375 0.0259259
0 0.43125 0.277315 0.0104167 0.025
0 0.401302 0.259722 0.0109375 0.025
0 0.9875 0.203704 0.0104167 0.0240741
0 0.565365 0.264815 0.0109375 0.0259259
0 0.457552 0.0212963 0.0109375 0.0259259
0 0.94401 0.548611 0.0109375 0.025
0 0.921875 0.874537 0.0104167 0.025
0 0.552604 0.95463 0.0114583 0.0277778
0 0.92474 0.0222222 0.0109375 0.0259259
0 0.832812 0.852315 0.0104167 0.025
0 0.978906 0.278704 0.0109375 0.0259259
0 0.546875 0.365278 0.0104167 0.025
0 0.365365 0.481481 0.0109375 0.0259259
0 0.523958 0.37963 0.0104167 0.0259259
0 0.475521 0.881944 0.0104167 0.025
0 0.984115 0.100926 0.0109375 0.0259259
0 0.44349 0.945833 0.0109375 0.0268519
0 0.965625 0.326852 0.0114583 0.0259259
0 0.638802 0.0416667 0.0109375 0.0259259
0 0.91224 0.637963 0.0109375 0.0259259
0 0.886979 0.368981 0.0104167 0.025
0 0.45026 0.85 0.0109375 0.0259259
