0 0.252344 0.565741 0.0109375 0.0259259
0 0.667448 0.0134259 0.00989583 0.025
0 0.74401 0.134259 0.0109375 0.0259259
0 0.544792 0.543981 0.0104167 0.025
0 0.95625 0.416667 0.0104167 0.0240741
0 0.841406 0.787963 0.0109375 0.0259259
0 0.0565104 0.315278 0.0109375 0.025
0 0.990365 0.946296 0.0109375 0.0259259
0 0.34974 0.0518519 0.0109375 0.0259259
0 0.0226563 0.36713 0.0109375 0.025
0 0.923698 0.260185 0.0109375 0.0259259
0 0.398958 0.100926 0.0104167 0.0259259
0 0.122917 0.516204 0.0104167 0.025
0 0.0895833 0.515741 0.0104167 0.0240741
0 0.248177 0.605093 0.0109375 0.025
0 0.616927 0.601852 0.0109375 0.0259259
0 0.0731771 0.252778 0.0109375 0.0259259
0 0.33776 0.457407 0.0109375 0.0259259
0 0.325781 0.553704 0.0109375 0.0259259
0 0.877344 0.769907 0.0109375 0.0268519
0 0.102865 0.559259 0.0109375 0.0259259
0 0.0989583 0.468981 0.0104167 0.025
0 0.0388021 0.437037 0.0109375 0.0259259
0 0.352344 0.372685 0.0109375 0.025
