0 0.56849 0.235185 0.00989583 0.0388889
0 0.565885 0.260648 0.0109375 0.0268519
0 0.38125 0.338889 0.0104167 0.0259259
0 0.604427 0.85 0.0109375 0.0259259
0 0.483073 0.210185 0.0109375 0.0259259
0 0.483073 0.137963 0.0109375 0.0259259
0 0.570573 0.223148 0.0109375 0.0259259
0 0.591927 0.531944 0.0109375 0.025
0 0.626302 0.868056 0.0109375 0.025
0 0.816927 0.185185 0.0109375 0.0259259
0 0.613542 0.747685 0.0104167 0.025
0 0.572656 0.965741 0.0109375 0.0259259
0 0.090625 0.628704 0.0104167 0.0240741
0 0.330469 0.118981 0.0109375 0.025
0 0.524219 0.805093 0.0109375 0.025
0 0.477865 0.333333 0.0109375 0.0259259
0 0.532552 0.888426 0.0109375 0.0268519
