0 0.62526 0.433796 0.0109375 0.025
0 0.373698 0.255556 0.0109375 0.0259259
0 0.995573 0.244444 0.00885417 0.0259259
0 0.990104 0.478704 0.0104167 0.0259259
0 0.351562 0.286574 0.0104167 0.025
0 0.30625 0.528241 0.0104167 0.025
0 0.670052 0.450926 0.0109375 0.0259259
0 0.10026 0.0226852 0.0109375 0.025
0 0.553646 0.417593 0.0104167 0.0240741
0 0.0992187 0.451852 0.0109375 0.0259259
0 0.978646 0.0134259 0.0104167 0.025
0 0.50026 0.407407 0.0109375 0.0259259
0 0.896094 0.536111 0.0109375 0.0259259
0 0.211719 0.281481 0.0109375 0.0259259
0 0.179948 0.270833 0.0109375 0.025
0 0.954687 0.530093 0.0104167 0.025
0 0.0789063 0.219907 0.0109375 0.025
0 0.134375 0.234722 0.0104167 0.025
0 0.830208 0.5125 0.0104167 0.025
0 0.363542 0.337963 0.0104167 0.0259259
0 0.715365 0.467593 0.0109375 0.0259259
0 0.865104 0.525463 0.0104167 0.025
