0 0.0648438 0.199537 0.0109375 0.025
0 0.1 0.818981 0.0104167 0.025
0 0.952344 0.587963 0.0109375 0.0259259
0 0.0520833 0.124537 0.0104167 0.025
0 0.0791667 0.802315 0.0104167 0.025
0 0.395833 0.740278 0.0104167 0.025
0 0.21901 0.77963 0.0109375 0.0259259
0 0.928385 0.45 0.0109375 0.0259259
0 0.0263021 0.832407 0.0109375 0.0259259
0 0.0789063 0.289815 0.0109375 0.0259259
0 0.302344 0.73287 0.0109375 0.025
0 0.917448 0.230093 0.0109375 0.025
0 0.370573 0.759259 0.0109375 0.0259259
0 0.341146 0.0263889 0.0104167 0.025
0 0.88151 0.29537 0.0109375 0.0259259
0 0.610156 0.913889 0.0109375 0.0259259
0 0.0377604 0.05 0.0109375 0.0259259
0 0.267188 0.199074 0.0104167 0.0259259
0 0.34349 0.855093 0.0109375 0.025
0 0.389062 0.244444 0.0104167 0.0240741
0 0.954948 0.173611 0.0109375 0.025
0 0.216146 0.713426 0.0104167 0.025
0 0.280469 0.39537 0.0109375 0.0259259
0 0.245052 0.880093 0.0109375 0.025
0 0.0476562 0.748148 0.0109375 0.0259259
0 0.227865 0.0833333 0.0109375 0.0259259
