0 0.236458 0.3375 0.0114583 0.0268519
0 0.905208 0.987963 0.0104167 0.0240741
0 0.3125 0.399074 0.0104167 0.0259259
0 0.395573 0.922222 0.0109375 0.0259259
0 0.10026 0.401852 0.0109375 0.0259259
0 0.223177 0.495833 0.0109375 0.025
0 0.0330729 0.796759 0.0109375 0.025
0 0.0861979 0.50787 0.0109375 0.025
0 0.925521 0.518981 0.0104167 0.025
0 0.970573 0.255556 0.0109375 0.0259259
0 0.534635 0.291667 0.0109375 0.0259259
0 0.0658854 0.418056 0.0109375 0.025
0 0.434896 0.23287 0.0104167 0.025
0 0.130469 0.501389 0.0109375 0.025
0 0.78776 0.901852 0.0109375 0.0259259
0 0.707031 0.392593 0.0109375 0.0259259
0 0.341406 0.244444 0.0109375 0.0259259
0 0.916927 0.568519 0.0109375 0.0259259
0 0.320052 0.734722 0.0109375 0.025
0 0.23776 0.562963 0.0109375 0.0259259
0 0.801042 0.445833 0.0104167 0.025
0 0.12526 0.42963 0.0109375 0.0259259
0 0.585156 0.77963 0.0109375 0.0259259
0 0.595573 0.90463 0.0109375 0.0259259
0 0.0263021 0.843518 0.0109375 0.0259259
