0 0.514063 0.968056 0.009375 0.0231481
0 0.979167 0.652315 0.0104167 0.025
0 0.397656 0.761111 0.00989583 0.0240741
0 0.995313 0.958796 0.009375 0.025
0 0.782031 0.810185 0.0109375 0.0259259
0 0.0492188 0.743056 0.00989583 0.025
0 0.0432292 0.331019 0.0104167 0.025
0 0.896094 0.936574 0.0109375 0.025
0 0.0489583 0.617593 0.0104167 0.0240741
0 0.648958 0.786574 0.0104167 0.025
0 0.0924479 0.200926 0.0109375 0.0259259
0 0.563021 0.650926 0.0104167 0.0259259
0 0.495052 0.884722 0.0109375 0.025
0 0.188802 0.174537 0.0109375 0.025
0 0.61875 0.856019 0.0104167 0.025
0 0.478385 0.099537 0.0109375 0.025
0 0.53099 0.467593 0.00989583 0.0240741
0 0.534896 0.0976852 0.0104167 0.025
0 0.0791667 0.464815 0.0104167 0.0240741
0 0.9 0.685648 0.0104167 0.025
0 0.220833 0.624537 0.0104167 0.025
0 0.963542 0.709722 0.0104167 0.025
0 0.80599 0.797685 0.00989583 0.025
0 0.827604 0.025 0.0104167 0.0240741
0 0.726562 0.641204 0.0104167 0.025
0 0.384115 0.130556 0.0109375 0.0259259
0 0.0364583 0.244444 0.0104167 0.0259259
0 0.208073 0.835185 0.0109375 0.0259259
0 0.371094 0.252778 0.0109375 0.0259259
0 0.300781 0.894444 0.0109375 0.0259259
0 0.104167 0.238889 0.0104167 0.0240741
0 0.679167 0.258333 0.0104167 0.0259259
0 0.0489583 0.4 0.0104167 0.0259259
0 0.834115 0.129167 0.0109375 0.025
0 0.352604 0.147685 0.0104167 0.025
0 0.748958 0.151389 0.0104167 0.025
0 0.682031 0.0217593 0.0109375 0.025
0 0.415885 0.980556 0.0109375 0.0259259
0 0.152865 0.20463 0.0109375 0.0259259
0 0.30026 0.140741 0.0109375 0.0259259
0 0.636198 0.915741 0.0109375 0.0259259
0 0.666667 0.856019 0.0104167 0.025
0 0.766146 0.360185 0.0104167 0.0240741
0 0.640885 0.0365741 0.0109375 0.025
0 0.859375 0.364352 0.0104167 0.025
0 0.623177 0.782407 0.0109375 0.0259259
0 0.376823 0.514815 0.00989583 0.0240741
0 0.576823 0.126389 0.0109375 0.025
0 0.767969 0.0157407 0.0109375 0.0259259
