0 0.16276 0.983796 0.0109375 0.0268519
0 0.728646 0.322685 0.0104167 0.025
0 0.50625 0.8625 0.0104167 0.025
0 0.215885 0.0402778 0.00989583 0.025
0 0.322135 0.244444 0.0109375 0.0259259
0 0.26901 0.705093 0.0109375 0.025
0 0.0151042 0.651389 0.0104167 0.025
0 0.734375 0.359722 0.0104167 0.025
0 0.196094 0.144444 0.0109375 0.0259259
0 0.436198 0.766667 0.0109375 0.0259259
0 0.188542 0.186574 0.0104167 0.025
0 0.0367187 0.561111 0.0109375 0.0259259
0 0.435677 0.349074 0.0109375 0.0259259
0 0.358073 0.409722 0.0109375 0.025
0 0.76875 0.378241 0.0104167 0.025
0 0.701042 0.243056 0.0104167 0.025
0 0.198958 0.251389 0.0104167 0.025
0 0.817708 0.491667 0.0104167 0.0259259
0 0.948438 0.96713 0.0104167 0.025
0 0.404427 0.252315 0.0109375 0.025
0 0.123177 0.658333 0.0109375 0.0259259
0 0.86901 0.47037 0.0109375 0.0259259
0 0.695833 0.0662037 0.0104167 0.025
0 0.938542 0.49537 0.0104167 0.0259259
0 0.186458 0.327315 0.0104167 0.025
0 0.852865 0.704167 0.0109375 0.0268519
0 0.85599 0.259722 0.0109375 0.025
0 0.904948 0.960648 0.0109375 0.0268519
0 0.885677 0.349537 0.0109375 0.025
0 0.829948 0.181481 0.00989583 0.0240741
0 0.958333 0.685648 0.0104167 0.025
0 0.341927 0.493056 0.0109375 0.025
0 0.967188 0.574537 0.0104167 0.025
0 0.205729 0.0930556 0.0104167 0.025
0 0.878385 0.174537 0.0109375 0.025
0 0.977865 0.771296 0.0109375 0.0259259
0 0.48776 0.793519 0.0109375 0.0259259
0 0.607031 0.0171296 0.0109375 0.025
0 0.827083 0.0847222 0.0104167 0.025
