0 0.673437 0.153704 0.0104167 0.0259259
0 0.153385 0.785185 0.0109375 0.0259259
0 0.190365 0.907407 0.0109375 0.0259259
0 0.16901 0.652778 0.0109375 0.0259259
0 0.165104 0.830093 0.0104167 0.025
0 0.247135 0.572222 0.0109375 0.0259259
0 0.846094 0.693981 0.0109375 0.025
0 0.907031 0.755556 0.0109375 0.0259259
0 0.860156 0.89537 0.0109375 0.0259259
0 0.714844 0.74537 0.0109375 0.0259259
0 0.278906 0.228704 0.0109375 0.0259259
0 0.207031 0.94537 0.0109375 0.0259259
0 0.942708 0.140278 0.0104167 0.025
0 0.571615 0.952778 0.0109375 0.0259259
0 0.846094 0.937037 0.0109375 0.0259259
0 0.20026 0.340278 0.0109375 0.025
0 0.915885 0.101852 0.0109375 0.0259259
0 0.645052 0.224537 0.0109375 0.025
0 0.950781 0.838426 0.0109375 0.025
0 0.16224 0.266667 0.0109375 0.0259259
0 0.198177 0.216667 0.0109375 0.0259259
0 0.0158854 0.106944 0.0109375 0.025
0 0.929427 0.616204 0.0109375 0.025
0 0.150781 0.207407 0.0109375 0.0259259
0 0.170052 0.0203704 0.0109375 0.0259259
0 0.95026 0.536574 0.0109375 0.0268519
0 0.153385 0.10787 0.0109375 0.025
