0 0.213802 0.496759 0.00989583 0.025
0 0.310417 0.473148 0.0104167 0.0240741
0 0.23724 0.238889 0.0109375 0.0259259
0 0.397917 0.893981 0.0104167 0.025
0 0.0653646 0.154167 0.00989583 0.025
0 0.307031 0.223148 0.0109375 0.0259259
0 0.0664062 0.866204 0.00989583 0.025
0 0.372917 0.860185 0.0104167 0.0259259
0 0.23724 0.1625 0.0109375 0.025
0 0.150781 0.124537 0.0109375 0.025
0 0.184375 0.349074 0.0104167 0.0259259
0 0.26224 0.22963 0.0109375 0.0259259
0 0.171094 0.263889 0.0109375 0.0259259
0 0.33151 0.604167 0.0109375 0.025
