0 0.74401 0.178704 0.0109375 0.0259259
0 0.278906 0.830556 0.00989583 0.0240741
0 0.604427 0.922222 0.0109375 0.0259259
0 0.913281 0.955556 0.0109375 0.0259259
0 0.0773437 0.568519 0.0109375 0.0259259
0 0.447396 0.918056 0.0104167 0.025
0 0.710677 0.0476852 0.0109375 0.025
0 0.247656 0.253704 0.0109375 0.0259259
0 0.15651 0.0361111 0.0109375 0.0259259
0 0.161719 0.163426 0.0109375 0.025
0 0.81224 0.446296 0.0109375 0.0259259
0 0.978906 0.894444 0.0109375 0.0259259
0 0.210156 0.213889 0.0109375 0.0259259
0 0.645052 0.172222 0.0109375 0.0259259
0 0.217187 0.848148 0.0104167 0.0240741
0 0.188802 0.411111 0.0109375 0.0259259
0 0.305729 0.915278 0.0104167 0.025
0 0.0338542 0.0402778 0.0104167 0.025
0 0.0200521 0.265741 0.0109375 0.0259259
0 0.795573 0.381481 0.0109375 0.0259259
0 0.613281 0.05 0.0109375 0.0259259
0 0.275521 0.751389 0.0104167 0.025
0 0.177344 0.29537 0.0109375 0.0259259
0 0.821094 0.780093 0.0109375 0.025
0 0.955729 0.718056 0.0104167 0.025
0 0.148698 0.95 0.0109375 0.0259259
0 0.770833 0.280093 0.0104167 0.025
