0 0.0674479 0.727315 0.0109375 0.037963
0 0.432031 0.474074 0.0109375 0.0259259
0 0.895312 0.263889 0.0104167 0.0240741
0 0.0445312 0.130093 0.0109375 0.025
0 0.165885 0.632407 0.0109375 0.0259259
0 0.226042 0.975926 0.0104167 0.0240741
0 0.186458 0.718056 0.0104167 0.025
0 0.353125 0.185185 0.0104167 0.0259259
0 0.161719 0.511111 0.0109375 0.0259259
0 0.913802 0.343981 0.0109375 0.0268519
0 0.117188 0.276852 0.0104167 0.0259259
0 0.0658854 0.7125 0.0109375 0.025
0 0.983594 0.636111 0.0109375 0.0259259
0 0.135677 0.526852 0.0109375 0.0259259
0 0.0838542 0.821759 0.0104167 0.025
0 0.0721354 0.976389 0.0109375 0.025
0 0.592448 0.118519 0.0109375 0.0259259
0 0.272656 0.9 0.0109375 0.0259259
0 0.00572917 0.463426 0.0104167 0.025
0 0.025 0.584722 0.0104167 0.025
0 0.434635 0.7375 0.0109375 0.025
0 0.466927 0.638889 0.0109375 0.0259259
0 0.164062 0.0731481 0.0104167 0.0240741
0 0.0455729 0.0685185 0.0109375 0.0259259
0 0.0734375 0.200926 0.0104167 0.0259259
0 0.0697917 0.11713 0.0104167 0.025
0 0.588542 0.58287 0.0104167 0.025
0 0.124219 0.350926 0.0109375 0.0259259
0 0.0242187 0.931481 0.0109375 0.0259259
0 0.0703125 0.752778 0.0104167 0.0259259
0 0.941927 0.462037 0.0109375 0.0259259
