0 0.186458 0.914815 0.0114583 0.0277778
0 0.17526 0.776852 0.0109375 0.0259259
0 0.88151 0.615278 0.0109375 0.025
0 0.989844 0.581944 0.0109375 0.025
0 0.948958 0.120833 0.0104167 0.025
0 0.434635 0.809722 0.0109375 0.025
0 0.516146 0.431944 0.0104167 0.025
0 0.498177 0.518519 0.0109375 0.0259259
0 0.484115 0.609722 0.0109375 0.0268519
0 0.596354 0.380093 0.0104167 0.025
0 0.922135 0.975463 0.0109375 0.025
0 0.96276 0.739815 0.0109375 0.0259259
0 0.139844 0.818519 0.0109375 0.0240741
0 0.902604 0.118056 0.0104167 0.025
0 0.584896 0.0398148 0.0104167 0.0240741
0 0.68125 0.214352 0.0104167 0.025
0 0.897135 0.433333 0.0109375 0.0259259
0 0.508073 0.928241 0.0109375 0.0268519
0 0.948958 0.838426 0.0104167 0.025
0 0.949219 0.560648 0.0109375 0.025
0 0.544792 0.334722 0.0104167 0.025
0 0.153646 0.758333 0.0104167 0.0259259
0 0.421615 0.333796 0.0109375 0.0268519
0 0.546354 0.972685 0.0104167 0.025
0 0.515365 0.303704 0.0109375 0.0259259
0 0.44349 0.640741 0.0109375 0.0259259
0 0.327344 0.49213 0.0109375 0.025
0 0.81276 0.0518519 0.0109375 0.0259259
0 0.0200521 0.949074 0.0109375 0.0259259
0 0.303646 0.702315 0.0104167 0.025
0 0.451562 0.371759 0.0114583 0.0268519
0 0.567969 0.218056 0.0109375 0.025
0 0.41276 0.849074 0.0109375 0.0259259
0 0.623177 0.269907 0.0109375 0.025
0 0.578906 0.12963 0.0109375 0.0259259
