0 0.926562 0.988426 0.0104167 0.0231481
0 0.835417 0.352315 0.0104167 0.025
0 0.616667 0.42963 0.0104167 0.0240741
0 0.629687 0.129167 0.0104167 0.025
0 0.857031 0.339815 0.0109375 0.0259259
0 0.475781 0.430093 0.0109375 0.025
0 0.411198 0.248611 0.0109375 0.025
0 0.802865 0.289815 0.0109375 0.0259259
0 0.463021 0.641667 0.0104167 0.0259259
0 0.458333 0.930093 0.0104167 0.025
0 0.422656 0.366667 0.0109375 0.0259259
0 0.547917 0.556944 0.0104167 0.025
0 0.452865 0.848148 0.0109375 0.0259259
0 0.392448 0.777778 0.0109375 0.0259259
