0 0.503385 0.944444 0.0109375 0.0259259
0 0.749219 0.307407 0.0109375 0.0259259
0 0.570312 0.631944 0.0104167 0.025
0 0.670833 0.852315 0.0104167 0.025
0 0.145313 0.518056 0.0104167 0.025
0 0.695573 0.818056 0.00989583 0.025
0 0.282031 0.0694444 0.0109375 0.0259259
0 0.136458 0.116667 0.0104167 0.0240741
0 0.0283854 0.578704 0.0109375 0.0259259
0 0.45651 0.0986111 0.0109375 0.025
0 0.0229167 0.143981 0.0104167 0.025
0 0.323698 0.0263889 0.0109375 0.025
0 0.90625 0.946759 0.0104167 0.025
0 0.732552 0.270833 0.0109375 0.025
0 0.788542 0.406944 0.0104167 0.025
0 0.310937 0.906944 0.0104167 0.025
0 0.147396 0.049537 0.0104167 0.025
0 0.734635 0.838889 0.0109375 0.0259259
0 0.921615 0.543056 0.0109375 0.025
0 0.958594 0.492593 0.0109375 0.0259259
0 0.993229 0.200926 0.0104167 0.0259259
0 0.907552 0.15 0.0109375 0.0259259
0 0.560156 0.221296 0.0109375 0.0259259
0 0.592969 0.426852 0.0109375 0.0259259
0 0.971094 0.398148 0.0109375 0.0259259
0 0.653125 0.223611 0.0104167 0.025
0 0.868229 0.126389 0.0104167 0.025
0 0.68724 0.0212963 0.0109375 0.0259259
0 0.421354 0.967593 0.0104167 0.0259259
0 0.260677 0.87963 0.0109375 0.0259259
0 0.803906 0.0898148 0.0109375 0.0259259
0 0.710677 0.0356481 0.0109375 0.025
0 0.904427 0.370833 0.0109375 0.025
0 0.785417 0.300926 0.0104167 0.0259259
