0 0.16224 0.921759 0.0109375 0.025
0 0.399219 0.155093 0.0109375 0.0268519
0 0.995052 0.387963 0.00885417 0.0240741
0 0.103906 0.290741 0.00989583 0.0240741
0 0.826563 0.777315 0.0104167 0.025
0 0.599219 0.817593 0.0109375 0.0259259
0 0.4875 0.420833 0.0104167 0.025
0 0.116406 0.699074 0.0109375 0.0259259
0 0.3 0.715278 0.0114583 0.0268519
0 0.951563 0.429167 0.0104167 0.025
0 0.614062 0.897685 0.0114583 0.0268519
0 0.957812 0.206481 0.0104167 0.0240741
0 0.340885 0.284722 0.0109375 0.025
0 0.576302 0.674537 0.0109375 0.025
0 0.546094 0.943519 0.0109375 0.0259259
0 0.923177 0.74537 0.00989583 0.0240741
0 0.0388021 0.332407 0.0109375 0.0259259
0 0.170312 0.487963 0.0104167 0.0259259
0 0.888802 0.541204 0.0109375 0.025
0 0.482552 0.715278 0.0109375 0.025
0 0.0617188 0.780093 0.0109375 0.025
0 0.148698 0.662037 0.0109375 0.0259259
0 0.751042 0.518056 0.0104167 0.025
0 0.552083 0.684722 0.0104167 0.025
0 0.78151 0.893519 0.0109375 0.0259259
0 0.210417 0.4 0.0104167 0.0240741
0 0.0950521 0.911111 0.0109375 0.0259259
0 0.379427 0.635185 0.0109375 0.0259259
0 0.959635 0.733796 0.0109375 0.025
0 0.248177 0.677778 0.0109375 0.0259259
0 0.399219 0.413889 0.0109375 0.0259259
0 0.714323 0.85 0.0109375 0.0259259
0 0.721354 0.398611 0.0114583 0.0268519
0 0.747135 0.466667 0.0109375 0.0259259
0 0.942708 0.796759 0.0104167 0.025
0 0.876302 0.468519 0.0109375 0.0259259
0 0.729427 0.977315 0.0109375 0.025
0 0.954948 0.0458333 0.0109375 0.025
