0 0.003125 0.785648 0.00625 0.0268519
0 0.651823 0.197685 0.0119792 0.0287037
0 0.229948 0.0717593 0.0119792 0.0287037
0 0.907552 0.79213 0.0109375 0.0268519
0 0.778125 0.7625 0.0104167 0.025
0 0.156771 0.452315 0.0104167 0.025
0 0.311979 0.0277778 0.0104167 0.0259259
0 0.964844 0.719444 0.0109375 0.0259259
0 0.771615 0.361574 0.00989583 0.025
0 0.595573 0.205556 0.0109375 0.0259259
0 0.975521 0.250463 0.0114583 0.0268519
0 0.645573 0.292593 0.0109375 0.0259259
0 0.799219 0.748148 0.0109375 0.0259259
0 0.572656 0.253241 0.0109375 0.025
0 0.11276 0.0402778 0.0109375 0.025
0 0.504427 0.216204 0.0109375 0.025
0 0.157552 0.131944 0.0109375 0.025
0 0.796615 0.976852 0.0109375 0.0259259
0 0.761719 0.89213 0.0109375 0.025
0 0.285417 0.401852 0.0104167 0.0259259
0 0.174219 0.037037 0.0109375 0.0259259
0 0.798698 0.584259 0.0109375 0.0259259
0 0.378906 0.148148 0.0109375 0.0259259
0 0.817969 0.434259 0.0109375 0.0259259
