0 0.0445312 0.321296 0.0109375 0.0259259
0 0.791406 0.98287 0.0109375 0.0268519
0 0.154427 0.9625 0.00989583 0.025
0 0.498177 0.290278 0.0109375 0.025
0 0.0773437 0.500926 0.0109375 0.0259259
0 0.653125 0.965278 0.0104167 0.025
0 0.883594 0.164815 0.0109375 0.0259259
0 0.48724 0.250463 0.0109375 0.025
0 0.152344 0.062037 0.00989583 0.0240741
0 0.503385 0.1875 0.0109375 0.025
0 0.154167 0.738889 0.0104167 0.0259259
0 0.820573 0.65 0.0109375 0.0259259
0 0.154687 0.537037 0.0104167 0.0240741
0 0.822135 0.761111 0.0109375 0.0259259
0 0.859635 0.618981 0.0109375 0.025
0 0.13776 0.337963 0.0109375 0.0259259
0 0.857813 0.240741 0.0104167 0.0259259
0 0.182552 0.757407 0.0109375 0.0259259
0 0.235677 0.969444 0.0109375 0.0259259
0 0.346875 0.709722 0.0104167 0.025
0 0.394531 0.464352 0.0109375 0.025
0 0.950781 0.906018 0.0109375 0.025
0 0.185677 0.579167 0.0109375 0.025
0 0.210677 0.131019 0.0109375 0.025
0 0.134635 0.173611 0.0109375 0.025
0 0.0539063 0.784259 0.0109375 0.0259259
0 0.16224 0.816667 0.0109375 0.0259259
0 0.96224 0.948148 0.0109375 0.0259259
0 0.22526 0.561111 0.0109375 0.0259259
0 0.227083 0.648611 0.0104167 0.025
0 0.457552 0.200926 0.0109375 0.0259259
0 0.127344 0.575926 0.0109375 0.0259259
0 0.152344 0.916204 0.0109375 0.025
0 0.442448 0.0856481 0.0109375 0.0268519
0 0.530469 0.509722 0.0109375 0.0268519
