0 0.690625 0.479167 0.0104167 0.025
0 0.308333 0.754167 0.0104167 0.025
0 0.232552 0.610648 0.0109375 0.025
0 0.82474 0.0981481 0.0109375 0.0259259
0 0.940365 0.297222 0.0109375 0.0259259
0 0.402083 0.9625 0.0104167 0.025
0 0.507031 0.638889 0.0109375 0.0259259
0 0.888021 0.385648 0.0104167 0.025
0 0.581771 0.451389 0.0104167 0.025
0 0.329688 0.774074 0.0104167 0.0259259
0 0.474479 0.827315 0.0104167 0.025
0 0.142708 0.464352 0.0104167 0.025
0 0.0934896 0.376852 0.0109375 0.0259259
0 0.641667 0.181019 0.0114583 0.0268519
0 0.950781 0.235185 0.0109375 0.0259259
0 0.848698 0.0606481 0.0109375 0.025
0 0.57526 0.244444 0.0109375 0.0259259
0 0.564583 0.533796 0.0104167 0.025
0 0.233333 0.676389 0.0104167 0.025
0 0.538281 0.45787 0.0109375 0.025
0 0.559635 0.336111 0.0109375 0.0259259
0 0.0460938 0.77037 0.0109375 0.0259259
0 0.880469 0.643519 0.0109375 0.0259259
0 0.275781 0.527315 0.0109375 0.025
0 0.277865 0.750463 0.0109375 0.025
