0 0.653125 0.611574 0.0104167 0.025
0 0.108073 0.012037 0.00989583 0.0240741
0 0.490885 0.4 0.0109375 0.0259259
0 0.371615 0.905556 0.00989583 0.0240741
0 0.833073 0.188889 0.0109375 0.0259259
0 0.398177 0.905556 0.0109375 0.0259259
0 0.792969 0.433333 0.0109375 0.0259259
0 0.0195312 0.624074 0.0109375 0.0259259
0 0.735156 0.64213 0.0109375 0.025
0 0.127604 0.950463 0.0104167 0.025
0 0.31849 0.175 0.0109375 0.0259259
0 0.49401 0.0300926 0.0109375 0.025
0 0.384635 0.560185 0.0109375 0.0259259
0 0.45651 0.188889 0.0109375 0.0259259
0 0.36849 0.0648148 0.0109375 0.0259259
0 0.382552 0.975926 0.0109375 0.0259259
0 0.167187 0.917593 0.0104167 0.0240741
0 0.414844 0.579167 0.0109375 0.025
0 0.726823 0.306481 0.00989583 0.0240741
0 0.407031 0.310648 0.0109375 0.025
0 0.0736979 0.700926 0.0109375 0.0259259
0 0.208073 0.946296 0.0109375 0.0259259
0 0.347656 0.214815 0.0109375 0.0259259
0 0.164062 0.0819444 0.0114583 0.0268519
0 0.102344 0.890741 0.0109375 0.0259259
