0 0.339844 0.986111 0.00989583 0.0222222
0 0.103906 0.42963 0.0109375 0.0259259
0 0.395573 0.82037 0.0109375 0.0259259
0 0.379427 0.299074 0.0109375 0.0259259
0 0.0825521 0.481944 0.0109375 0.025
0 0.27526 0.110648 0.0109375 0.025
0 0.354948 0.581481 0.0109375 0.0259259
0 0.299479 0.880556 0.0104167 0.0259259
0 0.0385417 0.698611 0.0104167 0.025
0 0.0195312 0.307407 0.0109375 0.0259259
0 0.119792 0.15 0.0104167 0.0259259
0 0.145573 0.6375 0.0109375 0.025
0 0.219531 0.731481 0.0109375 0.0259259
0 0.673177 0.187963 0.0109375 0.0259259
0 0.0455729 0.893519 0.0109375 0.0259259
0 0.376563 0.707407 0.0104167 0.0259259
