0 0.749479 0.589352 0.0104167 0.025
0 0.597135 0.306944 0.0109375 0.025
0 0.513802 0.0962963 0.0109375 0.0259259
0 0.595573 0.65 0.0109375 0.0259259
0 0.984635 0.447222 0.0109375 0.0259259
0 0.68776 0.161111 0.0109375 0.0259259
0 0.630729 0.731481 0.0104167 0.0240741
0 0.635156 0.328704 0.0109375 0.0259259
0 0.929427 0.9 0.0109375 0.0259259
0 0.522396 0.138889 0.0104167 0.0259259
0 0.384115 0.176852 0.0109375 0.0259259
0 0.574219 0.22037 0.0109375 0.0259259
0 0.503906 0.247222 0.0109375 0.0259259
0 0.53099 0.502778 0.0109375 0.0259259
0 0.676823 0.836111 0.0109375 0.0259259
0 0.678385 0.423148 0.0109375 0.0259259
0 0.852865 0.825 0.0109375 0.0259259
