0 0.00260417 0.472222 0.00520833 0.0240741
0 0.00390625 0.396759 0.0078125 0.025
0 0.71224 0.352315 0.0109375 0.0268519
0 0.486458 0.238426 0.0104167 0.025
0 0.0815104 0.59537 0.0109375 0.0259259
0 0.491667 0.0828704 0.0104167 0.025
0 0.164062 0.200463 0.0114583 0.0268519
0 0.88776 0.155093 0.0109375 0.025
0 0.189063 0.696296 0.0104167 0.0240741
0 0.95651 0.526389 0.0109375 0.025
0 0.698698 0.152778 0.00989583 0.0240741
0 0.30651 0.20463 0.0109375 0.0259259
0 0.414323 0.0773148 0.0109375 0.025
0 0.994531 0.368519 0.00989583 0.0240741
0 0.688542 0.452315 0.0104167 0.025
0 0.466927 0.0777778 0.0109375 0.0259259
0 0.482031 0.171759 0.0109375 0.025
0 0.408073 0.409722 0.0109375 0.025
0 0.590365 0.413426 0.0109375 0.025
0 0.549219 0.407407 0.0109375 0.0259259
0 0.557292 0.0203704 0.0104167 0.0259259
0 0.670052 0.200463 0.0109375 0.025
0 0.909375 0.0263889 0.0104167 0.025
0 0.0914062 0.839815 0.0109375 0.0259259
0 0.1375 0.503241 0.0104167 0.025
0 0.441667 0.405093 0.0104167 0.025
0 0.0690104 0.0171296 0.0109375 0.025
0 0.802604 0.914352 0.0104167 0.025
0 0.933854 0.606481 0.0104167 0.0240741
0 0.261458 0.841204 0.0104167 0.025
0 0.93724 0.971759 0.0109375 0.025
0 0.139844 0.362037 0.0109375 0.0259259
0 0.0757812 0.934722 0.0109375 0.025
0 0.688802 0.531944 0.0109375 0.025
0 0.261719 0.336111 0.0109375 0.0259259
0 0.282292 0.956019 0.0104167 0.025
0 0.922396 0.150463 0.0104167 0.025
0 0.0804688 0.116667 0.0109375 0.0259259
0 0.872135 0.391667 0.0109375 0.0259259
0 0.761198 0.168056 0.0109375 0.025
0 0.473437 0.323148 0.0104167 0.0240741
0 0.0270833 0.727315 0.0104167 0.025
0 0.413802 0.0231481 0.0109375 0.0259259
0 0.189063 0.28287 0.0104167 0.025
0 0.167708 0.325 0.0104167 0.0259259
0 0.81276 0.249537 0.0109375 0.025
0 0.924219 0.200926 0.0109375 0.0259259
