0 0.201042 0.309259 0.0104167 0.0259259
0 0.804427 0.958333 0.0109375 0.0259259
0 0.347135 0.564815 0.0109375 0.0259259
0 0.710417 0.648611 0.0104167 0.025
0 0.170573 0.952315 0.0109375 0.0268519
0 0.919531 0.162963 0.0109375 0.0259259
0 0.201302 0.179167 0.0109375 0.025
0 0.932813 0.724537 0.0114583 0.0268519
0 0.821615 0.114352 0.0109375 0.025
0 0.192969 0.467593 0.0109375 0.0259259
0 0.147135 0.525 0.0109375 0.0259259
0 0.879948 0.470833 0.00989583 0.025
0 0.261198 0.431481 0.0109375 0.0259259
0 0.140885 0.351389 0.0109375 0.0268519
0 0.858594 0.062037 0.0109375 0.0259259
0 0.178906 0.902778 0.0109375 0.0259259
0 0.171615 0.412963 0.0109375 0.0259259
0 0.96901 0.724074 0.0109375 0.0259259
0 0.826823 0.703704 0.0109375 0.0259259
0 0.278906 0.087963 0.0109375 0.0259259
0 0.252344 0.485185 0.0109375 0.0259259
