0 0.605729 0.406019 0.0104167 0.025
0 0.36276 0.380556 0.0109375 0.0259259
0 0.191667 0.0268519 0.0104167 0.0259259
0 0.417188 0.407407 0.0104167 0.0259259
0 0.378646 0.509259 0.0104167 0.0259259
0 0.563802 0.111111 0.0109375 0.0259259
0 0.221354 0.1625 0.0104167 0.025
0 0.0229167 0.912963 0.0104167 0.0259259
0 0.233333 0.215278 0.0104167 0.025
0 0.15026 0.485648 0.0109375 0.0268519
0 0.624219 0.925926 0.0109375 0.0259259
0 0.391927 0.593056 0.0109375 0.025
0 0.28776 0.825 0.0109375 0.0259259
0 0.304167 0.0810185 0.0104167 0.025
0 0.404427 0.893519 0.0109375 0.0259259
0 0.365885 0.551852 0.0109375 0.0259259
0 0.336198 0.488889 0.0109375 0.0259259
0 0.228646 0.266204 0.0104167 0.025
0 0.654948 0.351389 0.0109375 0.0268519
