0 0.621875 0.0657407 0.0104167 0.0240741
0 0.5875 0.209722 0.0104167 0.025
0 0.458333 0.625926 0.0104167 0.0259259
0 0.40625 0.570833 0.0104167 0.025
0 0.678646 0.830556 0.0104167 0.0240741
0 0.655729 0.506481 0.0104167 0.0240741
0 0.652865 0.343056 0.0109375 0.025
0 0.270312 0.290278 0.0104167 0.025
0 0.328385 0.0203704 0.0109375 0.0259259
0 0.853125 0.6375 0.0104167 0.025
0 0.68125 0.234259 0.0104167 0.0259259
0 0.653385 0.451852 0.0109375 0.0259259
0 0.294271 0.293519 0.0104167 0.0259259
0 0.975781 0.346759 0.0109375 0.025
0 0.913542 0.172685 0.0104167 0.025
0 0.513542 0.157407 0.0104167 0.0240741
0 0.742708 0.403704 0.0104167 0.0240741
0 0.660677 0.656944 0.00989583 0.025
0 0.904948 0.123611 0.0109375 0.025
0 0.693229 0.696759 0.0104167 0.025
0 0.678646 0.326389 0.0104167 0.025
0 0.778385 0.182407 0.0109375 0.0259259
0 0.976302 0.138889 0.0109375 0.0259259
0 0.511979 0.215278 0.0104167 0.025
0 0.685156 0.625926 0.0109375 0.0259259
