0 0.519531 0.839815 0.00989583 0.0240741
0 0.45 0.150463 0.0104167 0.025
0 0.390365 0.807407 0.00989583 0.0240741
0 0.465625 0.834722 0.0104167 0.025
0 0.389583 0.210648 0.0104167 0.025
0 0.228385 0.669444 0.0109375 0.0259259
0 0.548437 0.856481 0.0104167 0.0240741
0 0.216667 0.499537 0.0104167 0.025
0 0.144271 0.368519 0.0104167 0.0240741
0 0.265365 0.173611 0.0109375 0.025
0 0.77474 0.963426 0.0109375 0.025
0 0.497917 0.160185 0.0104167 0.0259259
0 0.836458 0.789815 0.0104167 0.0259259
0 0.488281 0.250926 0.0109375 0.0259259
0 0.186198 0.0444444 0.0109375 0.0259259
0 0.166406 0.238426 0.0109375 0.025
0 0.174219 0.171759 0.0109375 0.025
0 0.48776 0.0819444 0.0109375 0.025
0 0.0106771 0.627778 0.0109375 0.0259259
0 0.0361979 0.910185 0.0109375 0.0259259
0 0.97526 0.0925926 0.0109375 0.0259259
0 0.355729 0.814815 0.0104167 0.0259259
0 0.118229 0.673611 0.0104167 0.025
0 0.311198 0.409259 0.00989583 0.0240741
0 0.0802083 0.0875 0.0104167 0.025
0 0.503906 0.536574 0.0109375 0.025
0 0.0289063 0.973148 0.0109375 0.0259259
