0 0.928906 0.752315 0.0109375 0.025
0 0.95026 0.876852 0.0109375 0.0259259
0 0.448698 0.651389 0.0109375 0.0268519
0 0.860156 0.250463 0.0109375 0.025
0 0.89401 0.261111 0.0109375 0.0259259
0 0.682031 0.400463 0.0109375 0.0268519
0 0.753906 0.0606481 0.0109375 0.025
0 0.73099 0.888889 0.0109375 0.0259259
0 0.658854 0.319907 0.0104167 0.025
0 0.728906 0.243056 0.0109375 0.025
0 0.972135 0.453704 0.0109375 0.0259259
0 0.976042 0.915741 0.0104167 0.0240741
0 0.936198 0.79537 0.0109375 0.0259259
0 0.733594 0.981481 0.0109375 0.0259259
0 0.747396 0.471759 0.0104167 0.025
0 0.785156 0.619444 0.0109375 0.0259259
0 0.775781 0.494907 0.0109375 0.0268519
0 0.89401 0.0935185 0.0109375 0.0259259
0 0.91849 0.357407 0.0109375 0.0259259
0 0.594271 0.628704 0.0104167 0.0259259
0 0.590885 0.501852 0.0109375 0.0259259
0 0.659635 0.923611 0.0109375 0.0268519
0 0.582031 0.422222 0.0109375 0.0259259
0 0.81224 0.201852 0.0109375 0.0259259
0 0.692448 0.613889 0.0109375 0.0259259
0 0.852865 0.134259 0.0109375 0.0259259
