0 0.263021 0.734259 0.0114583 0.0259259
0 0.329427 0.150463 0.0109375 0.025
0 0.861719 0.25463 0.0109375 0.0259259
0 0.782031 0.12963 0.0109375 0.0259259
0 0.0549479 0.796296 0.0109375 0.0259259
0 0.33724 0.0953704 0.0109375 0.0259259
0 0.87526 0.893056 0.0109375 0.025
0 0.950521 0.361111 0.0104167 0.0259259
0 0.833594 0.221296 0.0109375 0.0259259
0 0.0330729 0.782407 0.0109375 0.0259259
0 0.736198 0.102778 0.0109375 0.0259259
0 0.901302 0.867593 0.0109375 0.0259259
0 0.0760417 0.80787 0.0104167 0.025
0 0.764323 0.826389 0.0109375 0.0268519
0 0.211198 0.887963 0.0109375 0.0259259
0 0.291927 0.90787 0.0109375 0.025
0 0.955208 0.571759 0.0104167 0.025
0 0.259635 0.888889 0.0109375 0.0259259
0 0.354948 0.94537 0.0109375 0.0259259
