0 0.997135 0.241667 0.00572917 0.0240741
0 0.317969 0.988889 0.0109375 0.0222222
0 0.831771 0.442593 0.0114583 0.0277778
0 0.508854 0.312037 0.0104167 0.0259259
0 0.18151 0.731944 0.0109375 0.025
0 0.653385 0.410185 0.0109375 0.0259259
0 0.970312 0.272685 0.0104167 0.025
0 0.844531 0.0898148 0.0109375 0.0259259
0 0.48125 0.606944 0.0104167 0.025
0 0.621354 0.755093 0.0104167 0.025
0 0.782812 0.626852 0.0104167 0.0259259
0 0.215885 0.378241 0.0109375 0.0268519
0 0.746354 0.151389 0.0104167 0.025
0 0.74974 0.697222 0.0109375 0.0259259
0 0.297656 0.0328704 0.0109375 0.025
0 0.848958 0.641667 0.0104167 0.0259259
0 0.665104 0.919444 0.0104167 0.0259259
0 0.786979 0.673611 0.0104167 0.025
0 0.550521 0.69213 0.0104167 0.025
0 0.0221354 0.0893519 0.0109375 0.025
0 0.223177 0.293056 0.0109375 0.025
0 0.588281 0.827778 0.0109375 0.0259259
0 0.152865 0.738426 0.0109375 0.0268519
0 0.564323 0.583796 0.0109375 0.025
0 0.54349 0.141204 0.0109375 0.025
0 0.0268229 0.906944 0.0109375 0.025
0 0.502865 0.813426 0.0109375 0.0268519
0 0.977604 0.816204 0.0104167 0.025
0 0.467708 0.688426 0.0104167 0.025
