0 0.833333 0.983796 0.0104167 0.025
0 0.995833 0.265741 0.00833333 0.0259259
0 0.0565104 0.2 0.0109375 0.0259259
0 0.04375 0.322222 0.0104167 0.0240741
0 0.727604 0.120833 0.0104167 0.025
0 0.251042 0.0185185 0.0104167 0.0259259
0 0.386458 0.694444 0.0104167 0.0240741
0 0.413281 0.888889 0.0109375 0.0259259
0 0.966927 0.966667 0.0109375 0.0259259
0 0.653906 0.782407 0.0109375 0.0259259
0 0.0661458 0.325926 0.0104167 0.0240741
0 0.0203125 0.554167 0.0104167 0.025
0 0.68151 0.291667 0.0109375 0.0259259
0 0.98099 0.34213 0.0109375 0.025
0 0.884896 0.311111 0.0104167 0.0259259
0 0.0346354 0.416667 0.0109375 0.0259259
0 0.469531 0.322685 0.0109375 0.025
0 0.48776 0.12037 0.0109375 0.0259259
0 0.324479 0.231019 0.0104167 0.025
0 0.67526 0.57037 0.00989583 0.0240741
0 0.959115 0.136111 0.0109375 0.0259259
0 0.836198 0.560185 0.0109375 0.0259259
0 0.460417 0.488889 0.0104167 0.0240741
0 0.864844 0.368056 0.0109375 0.0268519
0 0.334635 0.353704 0.0109375 0.0259259
0 0.638281 0.557407 0.0109375 0.0259259
0 0.427344 0.0939815 0.0109375 0.025
0 0.630469 0.886111 0.0109375 0.0259259
0 0.838802 0.224074 0.0109375 0.0259259
0 0.835938 0.649074 0.0104167 0.0259259
0 0.83724 0.436111 0.0109375 0.0259259
0 0.835156 0.712963 0.0109375 0.0259259
0 0.686198 0.456944 0.0109375 0.025
