0 0.003125 0.775926 0.00625 0.0259259
0 0.988021 0.322222 0.0104167 0.0259259
0 0.0705729 0.743519 0.0109375 0.0259259
0 0.213281 0.766667 0.0109375 0.0259259
0 0.783594 0.312963 0.0109375 0.0259259
0 0.436719 0.516667 0.0109375 0.0259259
0 0.510677 0.935185 0.0109375 0.0259259
0 0.924479 0.868981 0.0104167 0.025
0 0.21849 0.912963 0.0109375 0.0259259
0 0.994271 0.444444 0.0104167 0.0259259
0 0.911458 0.948611 0.0104167 0.025
0 0.161719 0.801852 0.0109375 0.0259259
0 0.770052 0.394907 0.0109375 0.0268519
0 0.940365 0.775 0.0109375 0.0259259
0 0.338281 0.880556 0.0109375 0.0259259
0 0.457552 0.622685 0.0109375 0.0268519
0 0.21901 0.548611 0.0109375 0.025
0 0.0856771 0.667593 0.0109375 0.0259259
