0 0.953906 0.268519 0.0109375 0.0259259
0 0.910156 0.138889 0.0109375 0.0259259
0 0.860156 0.205556 0.0109375 0.0259259
0 0.963021 0.530556 0.0104167 0.0240741
0 0.897396 0.962963 0.0104167 0.0240741
0 0.102344 0.827778 0.0109375 0.0259259
0 0.780208 0.668056 0.0104167 0.025
0 0.871094 0.121296 0.0109375 0.0259259
0 0.0101562 0.627778 0.0109375 0.0259259
0 0.794531 0.575 0.0109375 0.0259259
0 0.955729 0.568056 0.0104167 0.025
0 0.204427 0.714815 0.0109375 0.0259259
0 0.93724 0.660648 0.0109375 0.025
0 0.936719 0.457407 0.0109375 0.0259259
