0 0.48724 0.388889 0.0109375 0.0277778
0 0.505729 0.284722 0.0104167 0.025
0 0.43151 0.753241 0.0109375 0.0268519
0 0.674219 0.152778 0.0109375 0.0259259
0 0.31901 0.512037 0.0109375 0.0259259
0 0.526563 0.275463 0.0104167 0.025
0 0.695312 0.940741 0.0104167 0.0259259
0 0.509635 0.0736111 0.0109375 0.0268519
0 0.258594 0.3875 0.0109375 0.025
0 0.369271 0.78287 0.0104167 0.025
0 0.0929687 0.165741 0.0109375 0.0259259
0 0.385677 0.0958333 0.0109375 0.025
0 0.115625 0.118981 0.0104167 0.025
0 0.530469 0.381481 0.0109375 0.0259259
0 0.114583 0.376389 0.0104167 0.025
0 0.1375 0.576389 0.0104167 0.025
0 0.142708 0.773148 0.0104167 0.0259259
0 0.488802 0.544444 0.0109375 0.0259259
0 0.460677 0.394444 0.0109375 0.0259259
0 0.585156 0.886111 0.0109375 0.0259259
0 0.517969 0.617593 0.0109375 0.0259259
0 0.420833 0.265741 0.0104167 0.0259259
0 0.409896 0.756944 0.0104167 0.025
0 0.472656 0.486574 0.0109375 0.025
0 0.380208 0.3375 0.0104167 0.025
0 0.148438 0.90787 0.0104167 0.025
0 0.813802 0.678704 0.0109375 0.0259259
0 0.146875 0.354167 0.0104167 0.025
0 0.167187 0.159722 0.0104167 0.025
0 0.68724 0.486574 0.0109375 0.0268519
0 0.410156 0.924537 0.0109375 0.025
0 0.134635 0.628241 0.0109375 0.0268519
0 0.697135 0.350926 0.0109375 0.0259259
0 0.636198 0.355556 0.00989583 0.0240741
0 0.159375 0.858333 0.0104167 0.0259259
0 0.110417 0.669907 0.0104167 0.025
0 0.335677 0.663426 0.0109375 0.025
0 0.134375 0.485648 0.0104167 0.025
0 0.647135 0.237963 0.0109375 0.0259259
0 0.15026 0.0143519 0.0109375 0.025
0 0.572135 0.0601852 0.0109375 0.0259259
0 0.311198 0.553704 0.0109375 0.0259259
0 0.215365 0.484259 0.0109375 0.0259259
0 0.348177 0.0125 0.0109375 0.025
0 0.676042 0.593056 0.0104167 0.025
