0 0.996094 0.601852 0.0078125 0.0240741
0 0.397917 0.0490741 0.0104167 0.0240741
0 0.990365 0.855556 0.0109375 0.0259259
0 0.00755208 0.387963 0.0109375 0.0259259
0 0.303385 0.544444 0.0109375 0.0259259
0 0.54401 0.775926 0.0109375 0.0259259
0 0.851823 0.164352 0.0109375 0.0268519
0 0.0380208 0.724537 0.0104167 0.025
0 0.803385 0.0222222 0.0109375 0.0259259
0 0.78151 0.967593 0.0109375 0.0259259
0 0.286719 0.676852 0.0109375 0.0259259
0 0.249219 0.429167 0.0109375 0.025
0 0.415625 0.654167 0.0104167 0.025
0 0.964583 0.0787037 0.0104167 0.0259259
0 0.92474 0.89213 0.0109375 0.025
0 0.280469 0.877778 0.0109375 0.0259259
0 0.922396 0.842593 0.0104167 0.0259259
0 0.410417 0.275463 0.0104167 0.025
0 0.785156 0.623148 0.0109375 0.0259259
0 0.655208 0.588426 0.0104167 0.025
0 0.786198 0.78287 0.0109375 0.025
0 0.00963542 0.927778 0.0109375 0.0259259
0 0.16875 0.708333 0.0104167 0.0259259
0 0.805469 0.690741 0.0109375 0.0259259
0 0.725521 0.606481 0.0104167 0.0259259
0 0.971354 0.190278 0.0104167 0.025
0 0.0104167 0.170833 0.0104167 0.025
0 0.920052 0.668056 0.0109375 0.025
0 0.535156 0.70463 0.0109375 0.0259259
0 0.383073 0.510185 0.0109375 0.0259259
0 0.760417 0.836574 0.0104167 0.025
0 0.630208 0.580556 0.0104167 0.0259259
0 0.545833 0.363426 0.0104167 0.025
0 0.605469 0.64537 0.0109375 0.0259259
0 0.570573 0.781482 0.0109375 0.0259259
0 0.26276 0.726389 0.0109375 0.025
0 0.709635 0.278704 0.0109375 0.0259259
0 0.438021 0.17037 0.0104167 0.0240741
0 0.00963542 0.222222 0.0109375 0.0259259
0 0.428646 0.525 0.0104167 0.0259259
0 0.446615 0.789815 0.0109375 0.0259259
0 0.360156 0.922222 0.0109375 0.0259259
0 0.589583 0.726389 0.0104167 0.025
0 0.0111979 0.0699074 0.0109375 0.025
0 0.190365 0.910185 0.0109375 0.0259259
0 0.379167 0.556019 0.0104167 0.025
0 0.45026 0.693519 0.0109375 0.0259259
0 0.510938 0.547222 0.0104167 0.0240741
0 0.34974 0.813889 0.0109375 0.0259259
0 0.167187 0.0375 0.0104167 0.025
0 0.348177 0.701852 0.0109375 0.0259259
0 0.274219 0.513889 0.0109375 0.0259259
