0 0.426302 0.455556 0.0109375 0.0259259
0 0.00494792 0.308796 0.00989583 0.025
0 0.274479 0.0222222 0.0104167 0.0259259
0 0.0997396 0.165741 0.0109375 0.0259259
0 0.188281 0.601389 0.0109375 0.025
0 0.620833 0.1 0.0104167 0.0240741
0 0.147656 0.251852 0.0109375 0.0259259
0 0.290885 0.39213 0.0109375 0.0268519
0 0.203906 0.1625 0.0109375 0.025
0 0.263802 0.496296 0.00989583 0.0240741
0 0.24974 0.0203704 0.0109375 0.0259259
0 0.279948 0.107407 0.0109375 0.0259259
0 0.186458 0.0189815 0.0114583 0.0268519
0 0.901823 0.710648 0.0109375 0.0268519
