0 0.552865 0.0143519 0.0109375 0.0268519
0 0.71224 0.621759 0.0109375 0.0268519
0 0.75625 0.950463 0.0104167 0.025
0 0.764063 0.7625 0.0104167 0.025
0 0.833073 0.661111 0.0109375 0.0259259
0 0.0361979 0.443519 0.0109375 0.0259259
0 0.540885 0.540741 0.0109375 0.0259259
0 0.766146 0.510185 0.0104167 0.0259259
0 0.00651042 0.075463 0.0109375 0.025
0 0.847917 0.753241 0.0104167 0.025
0 0.696094 0.281944 0.0109375 0.025
0 0.445573 0.958333 0.00989583 0.0240741
0 0.822396 0.805556 0.0104167 0.0240741
0 0.872135 0.687037 0.0109375 0.0259259
0 0.170312 0.6375 0.0104167 0.025
0 0.436979 0.625463 0.0104167 0.025
0 0.172396 0.823611 0.0104167 0.025
0 0.580208 0.60787 0.0104167 0.025
0 0.736198 0.890278 0.0109375 0.0268519
0 0.532031 0.225 0.0109375 0.0259259
0 0.586198 0.553704 0.0109375 0.0259259
0 0.584115 0.138889 0.0109375 0.0259259
0 0.314844 0.618519 0.0109375 0.0259259
0 0.695573 0.712037 0.0109375 0.0259259
0 0.405469 0.9625 0.0109375 0.025
0 0.952865 0.172685 0.0109375 0.025
0 0.409896 0.870833 0.0104167 0.025
0 0.0919271 0.354167 0.0109375 0.025
0 0.420833 0.791204 0.0104167 0.025
