0 0.905729 0.176389 0.0104167 0.025
0 0.770312 0.274537 0.0104167 0.025
0 0.892708 0.47037 0.0104167 0.0240741
0 0.974219 0.855093 0.0109375 0.025
0 0.961719 0.542593 0.00989583 0.0240741
0 0.654948 0.722222 0.0109375 0.0259259
0 0.961458 0.5875 0.0104167 0.025
0 0.164844 0.0337963 0.0109375 0.0268519
0 0.647917 0.0643518 0.0104167 0.025
0 0.81901 0.257407 0.0109375 0.0259259
0 0.0783854 0.406019 0.0109375 0.0268519
0 0.371615 0.782407 0.0109375 0.0259259
0 0.513542 0.716667 0.0114583 0.0277778
0 0.742969 0.287037 0.0109375 0.0259259
0 0.819531 0.916667 0.0109375 0.0259259
0 0.683594 0.124537 0.0109375 0.025
0 0.977604 0.939352 0.0104167 0.025
0 0.0721354 0.12963 0.0109375 0.0259259
0 0.309635 0.0134259 0.0109375 0.025
0 0.814844 0.30787 0.0109375 0.025
0 0.848177 0.886574 0.0109375 0.025
0 0.898177 0.387037 0.0109375 0.0259259
0 0.766927 0.501852 0.0109375 0.0259259
0 0.848177 0.671296 0.0109375 0.0259259
0 0.630469 0.103704 0.0109375 0.0259259
0 0.929427 0.285648 0.0109375 0.025
0 0.92526 0.572222 0.0109375 0.0259259
