0 0.68776 0.012037 0.00989583 0.0240741
0 0.836719 0.321296 0.0109375 0.0259259
0 0.592969 0.444907 0.0109375 0.0268519
0 0.757812 0.40787 0.0104167 0.025
0 0.584896 0.539815 0.0104167 0.0259259
0 0.736719 0.44537 0.0109375 0.0259259
0 0.850781 0.431481 0.0109375 0.0259259
0 0.879167 0.0587963 0.0104167 0.025
0 0.728906 0.780093 0.0109375 0.025
0 0.721094 0.630556 0.0109375 0.0259259
0 0.811198 0.0962963 0.0109375 0.0259259
0 0.271094 0.499074 0.0109375 0.0259259
0 0.752344 0.647685 0.0109375 0.025
0 0.598177 0.727315 0.0109375 0.025
0 0.741927 0.0722222 0.0109375 0.0259259
0 0.760677 0.601852 0.0109375 0.0259259
0 0.790885 0.216204 0.0109375 0.0268519
0 0.146875 0.578241 0.0104167 0.025
0 0.150781 0.296759 0.0109375 0.025
0 0.207031 0.0583333 0.0109375 0.0259259
0 0.192969 0.395833 0.0109375 0.025
0 0.907552 0.0731481 0.0109375 0.0259259
0 0.875781 0.131019 0.0109375 0.025
0 0.409115 0.502778 0.0109375 0.0259259
0 0.0544271 0.637963 0.0109375 0.0259259
0 0.00989583 0.0541667 0.0114583 0.0268519
0 0.160938 0.234722 0.0104167 0.025
