0 0.711719 0.321759 0.0109375 0.025
0 0.871094 0.784259 0.00989583 0.0240741
0 0.86849 0.70787 0.00989583 0.025
0 0.138802 0.940741 0.0109375 0.0259259
0 0.907031 0.711111 0.0109375 0.0259259
0 0.970312 0.05 0.0104167 0.0240741
0 0.792188 0.0898148 0.0104167 0.0240741
0 0.861979 0.534259 0.0104167 0.0240741
0 0.992708 0.136574 0.0104167 0.025
0 0.870052 0.367593 0.0109375 0.0259259
0 0.78724 0.424537 0.0109375 0.025
0 0.849219 0.433796 0.0109375 0.025
0 0.847396 0.372222 0.0104167 0.0259259
0 0.869531 0.300926 0.0109375 0.0259259
0 0.841406 0.481481 0.0109375 0.0259259
0 0.86849 0.203241 0.0109375 0.0268519
