0 0.989844 0.697222 0.0109375 0.0259259
0 0.378385 0.0305556 0.0109375 0.0259259
0 0.828385 0.0527778 0.0109375 0.0259259
0 0.388802 0.587963 0.0109375 0.0259259
0 0.44375 0.143056 0.0104167 0.025
0 0.102083 0.205556 0.0104167 0.0259259
0 0.652344 0.233333 0.0109375 0.0259259
0 0.409635 0.478704 0.0109375 0.0259259
0 0.28125 0.118056 0.0104167 0.025
0 0.945573 0.271296 0.0109375 0.0259259
0 0.347135 0.9 0.0109375 0.0259259
0 0.301302 0.0606481 0.0109375 0.025
0 0.665885 0.0712963 0.0109375 0.0259259
0 0.740365 0.146296 0.0109375 0.0259259
0 0.484896 0.0986111 0.0104167 0.025
0 0.55651 0.482407 0.0109375 0.0259259
0 0.691146 0.062963 0.0104167 0.0259259
0 0.530469 0.128704 0.0109375 0.0259259
0 0.347135 0.224537 0.0109375 0.025
0 0.0231771 0.101852 0.0109375 0.0259259
0 0.767708 0.347222 0.0104167 0.0259259
