0 0.482552 0.450926 0.0109375 0.0259259
0 0.380208 0.376389 0.0104167 0.025
0 0.473177 0.859259 0.0109375 0.0259259
0 0.654427 0.387963 0.0109375 0.0259259
0 0.103906 0.0712963 0.0109375 0.0259259
0 0.127083 0.369444 0.0104167 0.0240741
0 0.600781 0.566667 0.0109375 0.0259259
0 0.185156 0.438889 0.0109375 0.0259259
0 0.30599 0.490741 0.0109375 0.0259259
0 0.23099 0.951389 0.0109375 0.025
0 0.283073 0.812037 0.0109375 0.0259259
0 0.73724 0.568056 0.0109375 0.025
0 0.711979 0.0481481 0.0104167 0.0240741
0 0.278646 0.428704 0.0104167 0.0240741
0 0.350781 0.206481 0.0109375 0.0259259
0 0.122917 0.951389 0.0104167 0.025
0 0.67474 0.658333 0.0109375 0.0259259
