0 0.210417 0.374074 0.0104167 0.0259259
0 0.495052 0.0175926 0.0109375 0.0259259
0 0.490365 0.122222 0.0109375 0.0259259
0 0.513542 0.124074 0.0104167 0.0259259
0 0.19401 0.334259 0.0109375 0.0259259
0 0.327344 0.365741 0.0109375 0.0259259
0 0.0263021 0.231944 0.0109375 0.025
0 0.441667 0.631019 0.0104167 0.025
0 0.476042 0.455093 0.0104167 0.025
0 0.300781 0.434259 0.0109375 0.0259259
0 0.164323 0.310185 0.0109375 0.0259259
0 0.310937 0.844907 0.0104167 0.025
0 0.467187 0.270833 0.0104167 0.025
0 0.39401 0.769907 0.0109375 0.025
0 0.485677 0.356944 0.0109375 0.025
0 0.153385 0.150463 0.0109375 0.025
0 0.539844 0.318519 0.0109375 0.0259259
0 0.510156 0.649537 0.0109375 0.0268519
0 0.416146 0.61713 0.0104167 0.025
0 0.372135 0.130556 0.0109375 0.0259259
0 0.305729 0.514815 0.0104167 0.0240741
0 0.573958 0.0828704 0.0104167 0.025
0 0.71875 0.669907 0.0104167 0.025
0 0.475 0.225 0.0104167 0.0259259
0 0.402344 0.692593 0.0109375 0.0259259
