0 0.838802 0.155556 0.0109375 0.0259259
0 0.858594 0.0898148 0.0109375 0.0259259
0 0.970573 0.374074 0.0109375 0.0259259
0 0.401042 0.411574 0.0104167 0.025
0 0.492448 0.692593 0.0109375 0.0259259
0 0.399219 0.363426 0.0109375 0.0268519
0 0.46224 0.787037 0.0109375 0.0259259
0 0.913802 0.296296 0.0109375 0.0259259
0 0.959635 0.312037 0.0109375 0.0259259
0 0.528385 0.669444 0.0109375 0.0259259
0 0.270573 0.552315 0.00989583 0.025
0 0.589844 0.915278 0.0109375 0.025
0 0.513802 0.743519 0.0109375 0.0259259
0 0.434115 0.552778 0.0109375 0.0259259
0 0.0130208 0.75 0.0104167 0.0259259
0 0.498177 0.860185 0.0109375 0.0259259
0 0.12526 0.918981 0.0109375 0.025
0 0.353385 0.225 0.0109375 0.0259259
0 0.105208 0.771759 0.0104167 0.025
0 0.163281 0.874074 0.0109375 0.0259259
0 0.0888021 0.27963 0.0109375 0.0259259
0 0.22526 0.0740741 0.0109375 0.0259259
0 0.302865 0.265741 0.0109375 0.0259259
0 0.272135 0.191204 0.0109375 0.0268519
0 0.214844 0.774537 0.0109375 0.025
0 0.180208 0.954167 0.0104167 0.025
