0 0.827604 0.397685 0.0104167 0.0268519
0 0.986979 0.261574 0.0104167 0.025
0 0.0145833 0.219444 0.0104167 0.0259259
0 0.88099 0.527315 0.0109375 0.025
0 0.942708 0.759722 0.0104167 0.025
0 0.285417 0.983333 0.0114583 0.0259259
0 0.574219 0.898148 0.0109375 0.0259259
0 0.120573 0.963889 0.0109375 0.0259259
0 0.309635 0.908333 0.0109375 0.0259259
0 0.0242187 0.338426 0.0109375 0.025
0 0.0835937 0.1 0.0109375 0.0259259
0 0.903906 0.614352 0.0109375 0.0268519
0 0.117448 0.0125 0.0109375 0.025
0 0.297135 0.268519 0.0109375 0.0259259
0 0.0760417 0.777315 0.0104167 0.025
0 0.0885417 0.956944 0.0104167 0.025
0 0.222396 0.299537 0.0104167 0.025
0 0.963542 0.27963 0.0104167 0.0259259
0 0.0364583 0.479167 0.0104167 0.025
0 0.354427 0.312037 0.0109375 0.0259259
0 0.341927 0.2 0.0109375 0.0259259
