0 0.953906 0.0407407 0.0109375 0.0259259
0 0.826302 0.552315 0.0109375 0.025
0 0.395052 0.274537 0.0109375 0.025
0 0.916406 0.443519 0.0109375 0.0259259
0 0.957031 0.2 0.0109375 0.0259259
0 0.409375 0.231944 0.0104167 0.025
0 0.780729 0.499074 0.0104167 0.0240741
0 0.940885 0.27037 0.0109375 0.0259259
0 0.53776 0.512037 0.0109375 0.0259259
0 0.918229 0.606019 0.0104167 0.025
0 0.779427 0.638889 0.0109375 0.0259259
0 0.442708 0.134259 0.0104167 0.0259259
0 0.457552 0.381481 0.0109375 0.0259259
0 0.577865 0.34537 0.0109375 0.0259259
0 0.550781 0.408333 0.0109375 0.0259259
0 0.73099 0.0407407 0.0109375 0.0259259
0 0.678906 0.425 0.0109375 0.0259259
0 0.213802 0.7375 0.0109375 0.025
0 0.660677 0.524074 0.0109375 0.0259259
0 0.449219 0.439815 0.0109375 0.0259259
0 0.50026 0.400926 0.0109375 0.0259259
