0 0.144531 0.983333 0.0109375 0.0259259
0 0.258594 0.353241 0.0109375 0.0268519
0 0.835417 0.518056 0.0104167 0.025
0 0.484635 0.20463 0.0109375 0.0259259
0 0.861198 0.535185 0.0109375 0.0259259
0 0.290885 0.151389 0.0109375 0.025
0 0.813281 0.664815 0.0109375 0.0259259
0 0.288802 0.398611 0.0109375 0.025
0 0.889063 0.550926 0.0104167 0.0240741
0 0.774219 0.576389 0.0109375 0.0268519
0 0.614583 0.602778 0.0104167 0.0240741
0 0.746615 0.522222 0.0109375 0.0259259
0 0.126563 0.309722 0.0104167 0.025
0 0.973437 0.763889 0.0104167 0.0259259
0 0.843229 0.68287 0.0104167 0.025
0 0.902604 0.113889 0.0104167 0.0240741
0 0.935938 0.578241 0.0104167 0.025
0 0.0440104 0.735648 0.0109375 0.0268519
0 0.339844 0.178704 0.0109375 0.0259259
0 0.00963542 0.95463 0.0109375 0.0259259
0 0.0742188 0.537037 0.0109375 0.0259259
0 0.158073 0.012963 0.0109375 0.0259259
0 0.720573 0.375 0.0109375 0.0259259
0 0.902865 0.469444 0.0109375 0.0259259
