0 0.435677 0.986111 0.00989583 0.0240741
0 0.126302 0.196296 0.00989583 0.0240741
0 0.833854 0.985648 0.0104167 0.025
0 0.786719 0.861574 0.0109375 0.025
0 0.752344 0.744444 0.0109375 0.0259259
0 0.566146 0.0773148 0.0104167 0.025
0 0.779167 0.730093 0.0104167 0.025
0 0.867708 0.388889 0.0114583 0.0277778
0 0.489062 0.697685 0.0104167 0.025
0 0.896354 0.609722 0.0104167 0.025
0 0.909635 0.395833 0.0109375 0.025
0 0.40651 0.303241 0.0109375 0.025
0 0.860156 0.938889 0.0109375 0.0259259
0 0.196615 0.974074 0.0109375 0.0259259
0 0.68151 0.0569444 0.0109375 0.025
0 0.53151 0.303241 0.0109375 0.025
0 0.53724 0.47037 0.0109375 0.0259259
0 0.0130208 0.331944 0.0104167 0.025
0 0.784635 0.785185 0.0109375 0.0259259
0 0.864844 0.227778 0.0109375 0.0259259
0 0.458333 0.865278 0.0104167 0.025
0 0.152083 0.205093 0.0104167 0.025
0 0.438281 0.251852 0.0109375 0.0259259
0 0.196615 0.223148 0.0109375 0.0259259
0 0.303906 0.223148 0.0109375 0.0259259
0 0.706771 0.416204 0.0104167 0.025
0 0.649219 0.360648 0.0109375 0.0268519
0 0.320052 0.062037 0.0109375 0.0259259
0 0.883333 0.896759 0.0104167 0.025
0 0.301302 0.873148 0.0109375 0.0259259
0 0.584896 0.37037 0.0104167 0.0240741
0 0.898698 0.491667 0.00989583 0.0240741
0 0.449219 0.319444 0.0109375 0.0259259
0 0.892969 0.740741 0.0109375 0.0259259
0 0.488281 0.0740741 0.0109375 0.0259259
0 0.473958 0.945833 0.0104167 0.025
0 0.567448 0.769444 0.0109375 0.0259259
0 0.663281 0.783796 0.0109375 0.0268519
0 0.451302 0.727778 0.0109375 0.0259259
0 0.702865 0.487037 0.0109375 0.0259259
