0 0.996615 0.595833 0.00677083 0.0231481
0 0.288021 0.765278 0.0114583 0.0268519
0 0.295312 0.83287 0.0114583 0.0268519
0 0.315625 0.966204 0.0114583 0.0268519
0 0.903646 0.318056 0.0104167 0.025
0 0.666146 0.275926 0.0104167 0.0240741
0 0.888281 0.633796 0.0109375 0.025
0 0.729427 0.0296296 0.0109375 0.0259259
0 0.385677 0.894444 0.0109375 0.0259259
0 0.407292 0.906944 0.0104167 0.025
0 0.563281 0.872222 0.0109375 0.0259259
0 0.926823 0.108333 0.0109375 0.0259259
0 0.682292 0.224537 0.0104167 0.025
0 0.858073 0.493519 0.0109375 0.0259259
0 0.134896 0.0819444 0.0104167 0.025
0 0.967708 0.575926 0.0104167 0.0240741
0 0.632552 0.241667 0.0109375 0.0259259
0 0.485677 0.230556 0.0109375 0.0259259
0 0.355469 0.555093 0.0109375 0.025
0 0.379427 0.799537 0.00989583 0.025
0 0.56901 0.294444 0.0109375 0.0259259
0 0.2 0.0824074 0.0104167 0.0259259
0 0.235156 0.267593 0.0109375 0.0259259
0 0.571615 0.235185 0.0109375 0.0259259
0 0.374219 0.197222 0.0109375 0.0259259
0 0.175781 0.839815 0.0109375 0.0259259
0 0.229427 0.634259 0.0109375 0.0259259
0 0.247135 0.576389 0.0109375 0.025
0 0.224219 0.928704 0.0109375 0.0259259
0 0.720833 0.301389 0.0104167 0.025
0 0.691406 0.6375 0.0109375 0.025
0 0.377083 0.644907 0.0104167 0.025
0 0.370573 0.310185 0.0109375 0.0259259
0 0.199479 0.600926 0.0104167 0.0259259
0 0.585156 0.846296 0.0109375 0.0259259
0 0.378906 0.374537 0.0109375 0.025
0 0.198958 0.125 0.0104167 0.0240741
0 0.370573 0.448148 0.0109375 0.0259259
