0 0.00416667 0.847685 0.00833333 0.025
0 0.950521 0.522685 0.0104167 0.025
0 0.171875 0.209722 0.0104167 0.025
0 0.109375 0.373611 0.0104167 0.025
0 0.717448 0.740741 0.0109375 0.0259259
0 0.408073 0.157407 0.00989583 0.0240741
0 0.616146 0.221296 0.0104167 0.0259259
0 0.277344 0.318981 0.0109375 0.025
0 0.953385 0.760185 0.0109375 0.0259259
0 0.872396 0.609722 0.0104167 0.025
0 0.596094 0.886574 0.0109375 0.025
0 0.765885 0.717593 0.0109375 0.0259259
0 0.220573 0.653704 0.0109375 0.0259259
0 0.984896 0.810648 0.0104167 0.025
0 0.135417 0.0587963 0.0104167 0.025
0 0.166406 0.0388889 0.0109375 0.0259259
0 0.100781 0.899074 0.0109375 0.0259259
0 0.00494792 0.976852 0.00989583 0.0240741
0 0.553906 0.101389 0.0109375 0.025
0 0.115625 0.32963 0.0104167 0.0259259
0 0.0559896 0.981481 0.0109375 0.0259259
0 0.0140625 0.885648 0.0104167 0.025
0 0.846615 0.949074 0.0109375 0.0259259
0 0.761719 0.567593 0.0109375 0.0259259
0 0.639323 0.845833 0.0109375 0.025
0 0.890885 0.974074 0.0109375 0.0259259
0 0.46849 0.1625 0.0109375 0.025
0 0.590885 0.687037 0.0109375 0.0259259
0 0.0356771 0.626852 0.0109375 0.0259259
0 0.938802 0.858333 0.0109375 0.0259259
0 0.285156 0.649537 0.0109375 0.025
0 0.366406 0.178704 0.0109375 0.0259259
0 0.0427083 0.354167 0.0104167 0.025
