0 0.996875 0.912037 0.00625 0.0277778
0 0.996354 0.333333 0.00729167 0.0259259
0 0.526302 0.46713 0.0109375 0.0268519
0 0.47526 0.389352 0.0109375 0.025
0 0.0463542 0.535648 0.0104167 0.025
0 0.0820312 0.563426 0.0109375 0.0268519
0 0.229167 0.299537 0.0104167 0.025
0 0.733073 0.565278 0.0109375 0.025
0 0.611719 0.119907 0.0109375 0.025
0 0.811198 0.911111 0.0109375 0.0259259
0 0.69349 0.62037 0.0109375 0.0259259
0 0.458594 0.785648 0.0109375 0.025
0 0.274219 0.970833 0.0109375 0.0268519
0 0.222656 0.473611 0.0109375 0.025
0 0.24974 0.968056 0.0109375 0.025
0 0.759375 0.58287 0.0104167 0.025
0 0.746615 0.348611 0.0109375 0.025
0 0.190885 0.490278 0.0109375 0.025
0 0.428646 0.294444 0.0104167 0.0259259
0 0.892969 0.848148 0.0109375 0.0259259
0 0.948438 0.42963 0.0114583 0.0259259
0 0.783333 0.575 0.0104167 0.0259259
0 0.4625 0.932407 0.0104167 0.0259259
0 0.186198 0.968056 0.0109375 0.0268519
0 0.583073 0.19537 0.0109375 0.0259259
0 0.867448 0.49537 0.0109375 0.0259259
0 0.353385 0.883333 0.0109375 0.0259259
0 0.908594 0.462037 0.0109375 0.0259259
0 0.94974 0.8125 0.0109375 0.025
0 0.713281 0.0796296 0.0109375 0.0259259
0 0.0476562 0.0800926 0.0109375 0.025
0 0.490365 0.236111 0.0109375 0.0259259
0 0.82474 0.437037 0.0109375 0.0259259
0 0.78151 0.0175926 0.0109375 0.0259259
0 0.65599 0.660185 0.0109375 0.0259259
0 0.826823 0.528704 0.0109375 0.0259259
