0 0.4875 0.566204 0.0104167 0.025
0 0.1375 0.878704 0.0104167 0.0240741
0 0.858594 0.05 0.0109375 0.0259259
0 0.653906 0.253241 0.0109375 0.025
0 0.69349 0.901389 0.0109375 0.0268519
0 0.83724 0.656482 0.0109375 0.0259259
0 0.129167 0.931019 0.0104167 0.025
0 0.161719 0.585648 0.0109375 0.025
0 0.18724 0.443056 0.0109375 0.025
0 0.702865 0.187037 0.0109375 0.0259259
0 0.321094 0.396296 0.0109375 0.0259259
0 0.878906 0.55463 0.00989583 0.0240741
0 0.86849 0.481481 0.0109375 0.0259259
0 0.235156 0.360648 0.0109375 0.025
0 0.48099 0.0842593 0.0109375 0.0259259
0 0.225781 0.945833 0.0109375 0.025
0 0.498698 0.160185 0.0109375 0.0259259
0 0.416927 0.215741 0.0109375 0.0259259
