0 0.1125 0.921296 0.0104167 0.0240741
0 0.117188 0.960185 0.0104167 0.0259259
0 0.0190104 0.309722 0.0109375 0.025
0 0.789844 0.941204 0.0109375 0.025
0 0.747917 0.773611 0.0104167 0.025
0 0.204948 0.543056 0.0109375 0.025
0 0.221094 0.0944444 0.0109375 0.0259259
0 0.682292 0.516204 0.0104167 0.025
0 0.160677 0.777778 0.0109375 0.0259259
0 0.708854 0.622222 0.0104167 0.0259259
0 0.0505208 0.0439815 0.0104167 0.025
0 0.928646 0.18287 0.0104167 0.025
0 0.96849 0.556019 0.0109375 0.025
0 0.861458 0.120833 0.0104167 0.025
0 0.108073 0.882407 0.0109375 0.0259259
0 0.297135 0.905556 0.0109375 0.0259259
0 0.267969 0.555093 0.0109375 0.025
0 0.168229 0.362037 0.0104167 0.0240741
0 0.680208 0.0458333 0.0114583 0.0268519
0 0.207031 0.214815 0.0109375 0.0259259
0 0.242448 0.349074 0.0109375 0.0259259
0 0.178906 0.684259 0.0109375 0.0259259
0 0.884115 0.287037 0.0109375 0.0259259
0 0.15026 0.696296 0.0109375 0.0259259
0 0.204948 0.434259 0.0109375 0.0259259
0 0.652344 0.397222 0.0109375 0.0259259
