0 0.0651042 0.980093 0.0104167 0.025
0 0.420833 0.012037 0.0104167 0.0240741
0 0.00416667 0.818519 0.00833333 0.0240741
0 0.191927 0.62963 0.0109375 0.0259259
0 0.37526 0.834722 0.0109375 0.025
0 0.416667 0.186574 0.0104167 0.025
0 0.0541667 0.364352 0.0104167 0.025
0 0.951563 0.564815 0.0104167 0.0240741
0 0.314323 0.0777778 0.00989583 0.0240741
0 0.360677 0.384722 0.0109375 0.025
0 0.974219 0.494444 0.00989583 0.0240741
0 0.0677083 0.940278 0.0104167 0.025
0 0.0497396 0.663426 0.0109375 0.025
0 0.984896 0.81713 0.0104167 0.025
0 0.697135 0.539815 0.00989583 0.0240741
0 0.801042 0.0319444 0.0104167 0.025
0 0.0700521 0.89537 0.00989583 0.0240741
0 0.838281 0.230093 0.00989583 0.025
0 0.620052 0.403704 0.0109375 0.0259259
0 0.0869792 0.376389 0.0104167 0.025
0 0.947396 0.206019 0.0104167 0.025
0 0.570833 0.3625 0.0104167 0.025
0 0.911198 0.493056 0.0109375 0.025
0 0.566146 0.502315 0.0104167 0.025
0 0.591146 0.506481 0.0104167 0.0240741
0 0.280469 0.118519 0.0109375 0.0259259
0 0.338281 0.706944 0.0109375 0.025
0 0.845312 0.896759 0.0104167 0.025
0 0.327344 0.0236111 0.0109375 0.025
0 0.540885 0.530093 0.0109375 0.025
0 0.270052 0.75 0.0109375 0.0259259
0 0.85026 0.756944 0.0109375 0.025
0 0.822656 0.890741 0.0109375 0.0259259
0 0.765104 0.612037 0.0104167 0.0259259
0 0.726823 0.526389 0.0109375 0.025
0 0.853125 0.534722 0.0104167 0.025
0 0.558333 0.244907 0.0104167 0.025
0 0.104948 0.191667 0.0109375 0.0259259
0 0.219792 0.688426 0.0104167 0.025
0 0.798177 0.134259 0.0109375 0.0259259
0 0.334896 0.191667 0.0104167 0.0259259
0 0.848958 0.0875 0.0104167 0.025
0 0.0893229 0.537963 0.0109375 0.0259259
0 0.518229 0.35463 0.0104167 0.0240741
0 0.803906 0.378704 0.0109375 0.0259259
0 0.29349 0.693519 0.0109375 0.0259259
0 0.495833 0.181944 0.0104167 0.025
0 0.373437 0.901852 0.0104167 0.0240741
0 0.653385 0.515278 0.0109375 0.025
0 0.81276 0.526389 0.0109375 0.025
0 0.689844 0.883333 0.0109375 0.0259259
