0 0.622396 0.63287 0.0104167 0.025
0 0.584115 0.372222 0.0109375 0.0259259
0 0.619531 0.684722 0.0109375 0.0268519
0 0.558333 0.225463 0.0104167 0.025
0 0.863802 0.585648 0.0109375 0.025
0 0.663542 0.575926 0.0104167 0.0240741
0 0.708333 0.555093 0.0104167 0.025
0 0.70625 0.781482 0.0104167 0.0259259
0 0.66276 0.741667 0.0109375 0.0259259
0 0.479427 0.494444 0.0109375 0.0259259
0 0.442969 0.272222 0.0109375 0.0259259
0 0.48724 0.378704 0.00989583 0.0240741
0 0.42474 0.229167 0.0109375 0.025
0 0.733073 0.14537 0.0109375 0.0259259
0 0.589583 0.293519 0.0104167 0.0259259
0 0.729427 0.847222 0.0109375 0.0259259
