0 0.490104 0.743056 0.0104167 0.025
0 0.914583 0.893519 0.0104167 0.0240741
0 0.394531 0.543981 0.0109375 0.025
0 0.55625 0.493519 0.0104167 0.0259259
0 0.457552 0.974074 0.0109375 0.0259259
0 0.583594 0.293519 0.0109375 0.0259259
0 0.570573 0.926852 0.0109375 0.0259259
0 0.590885 0.390741 0.0109375 0.0259259
0 0.535156 0.595833 0.0109375 0.025
0 0.407031 0.461111 0.0109375 0.0259259
0 0.419531 0.352315 0.0109375 0.025
0 0.535156 0.698148 0.0109375 0.0259259
0 0.532552 0.644907 0.0109375 0.025
0 0.56224 0.26713 0.0109375 0.025
0 0.524219 0.741204 0.0109375 0.025
0 0.619792 0.0444444 0.0104167 0.0259259
0 0.220573 0.682407 0.0109375 0.0259259
