0 0.448958 0.987037 0.0104167 0.0240741
0 0.940885 0.387963 0.0109375 0.0259259
0 0.714323 0.075 0.0109375 0.0259259
0 0.351042 0.25463 0.0104167 0.0259259
0 0.788281 0.577315 0.0109375 0.025
0 0.283854 0.538426 0.0114583 0.0268519
0 0.0825521 0.273611 0.0109375 0.025
0 0.944271 0.0703704 0.0104167 0.0259259
0 0.0583333 0.561574 0.0104167 0.025
0 0.434635 0.173611 0.0109375 0.025
0 0.248177 0.228704 0.0109375 0.0259259
0 0.91849 0.243056 0.0109375 0.025
0 0.942969 0.222222 0.0109375 0.0259259
0 0.619531 0.412037 0.0109375 0.0259259
0 0.433854 0.604167 0.0104167 0.025
0 0.820573 0.557407 0.0109375 0.0259259
0 0.917969 0.819907 0.0109375 0.025
0 0.383333 0.643519 0.0104167 0.0240741
0 0.0729167 0.0842593 0.0104167 0.0240741
0 0.397135 0.521296 0.0109375 0.0259259
0 0.233333 0.525 0.0104167 0.0259259
0 0.702344 0.830093 0.0109375 0.025
0 0.943229 0.170833 0.0104167 0.025
0 0.971615 0.725 0.00989583 0.0240741
0 0.28099 0.2375 0.0109375 0.025
0 0.664844 0.419444 0.0109375 0.0259259
0 0.703906 0.877315 0.0109375 0.0268519
0 0.0666667 0.487037 0.0104167 0.0240741
0 0.942969 0.927315 0.0109375 0.025
0 0.788281 0.905556 0.0109375 0.0259259
0 0.50026 0.394444 0.0109375 0.0259259
0 0.642448 0.556944 0.0109375 0.025
0 0.644792 0.637037 0.0104167 0.0240741
0 0.779688 0.659722 0.0104167 0.025
