0 0.478646 0.736574 0.0104167 0.025
0 0.96875 0.65 0.0104167 0.0259259
0 0.18151 0.975926 0.0109375 0.0259259
0 0.589063 0.476852 0.0104167 0.0259259
0 0.851302 0.887037 0.0109375 0.0259259
0 0.489323 0.312037 0.0109375 0.0259259
0 0.917448 0.715278 0.0109375 0.0268519
0 0.483073 0.975926 0.00989583 0.0240741
0 0.841406 0.0763889 0.00989583 0.025
0 0.540104 0.717593 0.0104167 0.0240741
0 0.926042 0.810185 0.0104167 0.0259259
0 0.427344 0.323148 0.0109375 0.0259259
0 0.220052 0.118056 0.0109375 0.025
0 0.128906 0.723148 0.0109375 0.0259259
0 0.172917 0.921296 0.0104167 0.0240741
0 0.91875 0.137963 0.0104167 0.0240741
0 0.403906 0.373148 0.0109375 0.0259259
0 0.0825521 0.509259 0.0109375 0.0259259
0 0.303385 0.087037 0.0109375 0.0259259
0 0.714583 0.0291667 0.0104167 0.025
0 0.847656 0.199537 0.0109375 0.025
0 0.0856771 0.668519 0.0109375 0.0259259
0 0.00520833 0.396296 0.0104167 0.0259259
0 0.179167 0.80463 0.0104167 0.0259259
0 0.641667 0.375463 0.0104167 0.025
0 0.400521 0.126852 0.0104167 0.0259259
0 0.432552 0.8375 0.0109375 0.025
0 0.784115 0.686111 0.0109375 0.0259259
0 0.0825521 0.581019 0.0109375 0.025
0 0.442969 0.456481 0.0109375 0.0259259
0 0.797135 0.557407 0.0109375 0.0259259
0 0.78724 0.734259 0.0109375 0.0259259
0 0.711719 0.775 0.0109375 0.0259259
0 0.930208 0.4625 0.0104167 0.025
0 0.703385 0.355556 0.0109375 0.0259259
0 0.00963542 0.951852 0.0109375 0.0259259
0 0.390885 0.684722 0.0109375 0.025
0 0.808073 0.643519 0.0109375 0.0259259
0 0.978385 0.72963 0.0109375 0.0259259
0 0.822135 0.693519 0.0109375 0.0259259
0 0.60026 0.947685 0.0109375 0.025
0 0.908594 0.525 0.0109375 0.0259259
0 0.467969 0.280556 0.0109375 0.0259259
0 0.05 0.360648 0.0104167 0.025
0 0.148698 0.204167 0.0109375 0.025
0 0.579948 0.890741 0.0109375 0.0259259
0 0.361198 0.590278 0.0109375 0.025
0 0.0109375 0.180556 0.0104167 0.0259259
0 0.653385 0.882407 0.0109375 0.0259259
0 0.901302 0.291667 0.0109375 0.0259259
