0 0.935938 0.837037 0.0104167 0.0259259
0 0.065625 0.43287 0.0114583 0.0287037
0 0.409375 0.343056 0.0104167 0.025
0 0.44375 0.679167 0.0104167 0.025
0 0.53776 0.368056 0.0109375 0.0268519
0 0.981771 0.80787 0.0104167 0.025
0 0.227083 0.644444 0.0104167 0.0240741
0 0.591406 0.231481 0.0109375 0.0259259
0 0.527344 0.541204 0.0109375 0.025
0 0.992969 0.653704 0.0109375 0.0259259
0 0.808333 0.784722 0.0104167 0.025
0 0.184375 0.651389 0.0104167 0.025
0 0.0315104 0.918981 0.0109375 0.025
0 0.172396 0.718056 0.0104167 0.025
0 0.49375 0.521759 0.0104167 0.025
0 0.508073 0.818519 0.0109375 0.0259259
0 0.433073 0.543519 0.0109375 0.0259259
0 0.29401 0.321296 0.0109375 0.0259259
0 0.394531 0.752778 0.0109375 0.0259259
0 0.821615 0.707407 0.00989583 0.0240741
0 0.184115 0.320833 0.0109375 0.025
0 0.352604 0.523611 0.0104167 0.025
0 0.0854167 0.60463 0.0104167 0.0259259
0 0.28776 0.896759 0.0109375 0.025
0 0.215885 0.262963 0.00989583 0.0240741
0 0.63776 0.792593 0.0109375 0.0259259
0 0.71901 0.74537 0.0109375 0.0259259
0 0.295312 0.490741 0.0104167 0.0259259
0 0.323177 0.364815 0.0109375 0.0259259
0 0.213802 0.391667 0.0109375 0.0259259
0 0.617969 0.592593 0.0109375 0.0259259
0 0.270833 0.4625 0.0104167 0.025
0 0.676823 0.626389 0.0109375 0.025
0 0.89974 0.822222 0.0109375 0.0259259
0 0.779167 0.771759 0.0104167 0.025
0 0.2125 0.17037 0.0104167 0.0240741
0 0.227865 0.0657407 0.0109375 0.0259259
