0 0.45599 0.985648 0.0109375 0.0268519
0 0.301042 0.352315 0.0104167 0.025
0 0.361719 0.885648 0.00989583 0.025
0 0.0742188 0.0546296 0.0109375 0.0259259
0 0.852865 0.942593 0.0109375 0.0259259
0 0.364583 0.387037 0.0104167 0.0240741
0 0.0117188 0.0342593 0.0109375 0.0259259
0 0.207813 0.099537 0.0104167 0.025
0 0.653385 0.297685 0.0109375 0.025
0 0.882292 0.365278 0.0114583 0.0268519
0 0.675521 0.587037 0.0104167 0.0259259
0 0.77526 0.308796 0.0109375 0.025
0 0.90651 0.930556 0.0109375 0.0259259
0 0.972656 0.364352 0.0109375 0.025
0 0.161979 0.0847222 0.0104167 0.025
0 0.702083 0.858796 0.0104167 0.025
0 0.879427 0.833333 0.00989583 0.0240741
0 0.738802 0.922222 0.0109375 0.0259259
0 0.200781 0.33287 0.0109375 0.025
0 0.741927 0.310648 0.0109375 0.025
0 0.810677 0.50463 0.0109375 0.0259259
0 0.68125 0.540741 0.0104167 0.0259259
0 0.655729 0.541204 0.0104167 0.025
0 0.884375 0.884259 0.0104167 0.0240741
0 0.498177 0.437963 0.0109375 0.0259259
0 0.291406 0.127778 0.0109375 0.0259259
0 0.829167 0.606019 0.0104167 0.025
0 0.399219 0.400926 0.0109375 0.0259259
0 0.499479 0.0162037 0.0114583 0.0268519
0 0.0174479 0.271759 0.0109375 0.025
0 0.565625 0.4625 0.0104167 0.025
0 0.770312 0.136111 0.0104167 0.0240741
0 0.430469 0.412963 0.0109375 0.0259259
0 0.813542 0.671296 0.0104167 0.0240741
0 0.764063 0.200926 0.0104167 0.0240741
0 0.334896 0.360648 0.0104167 0.025
0 0.353646 0.224537 0.0104167 0.025
0 0.38099 0.102778 0.0109375 0.0259259
0 0.603385 0.285185 0.0109375 0.0259259
0 0.267448 0.355556 0.0109375 0.0259259
