0 0.00286458 0.161574 0.0046875 0.0287037
0 0.256771 0.254167 0.0104167 0.025
0 0.815104 0.987963 0.0104167 0.0240741
0 0.00416667 0.883796 0.00833333 0.025
0 0.932031 0.862037 0.0109375 0.0259259
0 0.167969 0.769444 0.0109375 0.0259259
0 0.878906 0.278704 0.0109375 0.0259259
0 0.165104 0.341204 0.0104167 0.025
0 0.220833 0.249537 0.0104167 0.025
0 0.833594 0.705093 0.0109375 0.025
0 0.923958 0.0865741 0.0104167 0.025
0 0.914583 0.141667 0.0104167 0.0259259
0 0.904427 0.204167 0.0109375 0.025
0 0.774219 0.941204 0.0109375 0.025
0 0.663281 0.71713 0.0109375 0.025
0 0.0835937 0.725 0.0109375 0.0259259
0 0.821094 0.934259 0.0109375 0.0259259
