0 0.996094 0.0476852 0.0078125 0.025
0 0.974479 0.576389 0.0104167 0.025
0 0.891406 0.127778 0.0109375 0.0259259
0 0.995573 0.0916667 0.00885417 0.0240741
0 0.605469 0.105556 0.0109375 0.0259259
0 0.995313 0.218981 0.009375 0.025
0 0.576563 0.898148 0.0104167 0.0240741
0 0.514063 0.691204 0.0104167 0.025
0 0.594531 0.43287 0.0109375 0.025
0 0.31276 0.926852 0.0109375 0.0259259
0 0.775781 0.515741 0.0109375 0.0259259
0 0.803646 0.536111 0.0104167 0.0259259
0 0.35026 0.575463 0.0109375 0.025
0 0.375521 0.318981 0.0104167 0.025
0 0.558854 0.786574 0.0104167 0.025
0 0.394792 0.133333 0.0104167 0.0259259
0 0.61849 0.189815 0.0109375 0.0259259
0 0.958073 0.358333 0.0109375 0.0259259
0 0.83099 0.343981 0.0109375 0.025
0 0.345313 0.893981 0.0104167 0.025
0 0.833073 0.0361111 0.0109375 0.0259259
0 0.845573 0.0819444 0.0109375 0.025
0 0.345833 0.733796 0.0104167 0.025
0 0.644792 0.556019 0.0104167 0.025
0 0.977083 0.929167 0.0104167 0.025
0 0.672656 0.515741 0.0109375 0.0259259
0 0.966927 0.0180556 0.0109375 0.0268519
