0 0.453125 0.196759 0.0104167 0.025
0 0.11849 0.797685 0.0109375 0.0268519
0 0.328385 0.451852 0.0109375 0.0259259
0 0.0966146 0.672222 0.0109375 0.0259259
0 0.79349 0.862037 0.0109375 0.0259259
0 0.00651042 0.266204 0.0109375 0.025
0 0.813281 0.337037 0.0109375 0.0259259
0 0.66224 0.487037 0.0109375 0.0259259
0 0.202344 0.16713 0.0109375 0.025
0 0.31224 0.964815 0.0109375 0.0259259
0 0.22526 0.12037 0.0109375 0.0240741
0 0.259115 0.820833 0.0109375 0.025
0 0.801042 0.294444 0.0104167 0.0259259
0 0.20599 0.703704 0.0109375 0.0259259
0 0.492969 0.930556 0.0109375 0.0259259
0 0.619792 0.596296 0.0104167 0.0259259
0 0.124219 0.578704 0.0109375 0.0259259
0 0.900781 0.717593 0.0109375 0.0259259
0 0.0885417 0.78287 0.0104167 0.025
0 0.238802 0.0287037 0.0109375 0.0259259
0 0.0635417 0.559722 0.0104167 0.025
0 0.291146 0.709259 0.0104167 0.0240741
0 0.601302 0.862963 0.0109375 0.0259259
0 0.648698 0.822222 0.00989583 0.0240741
0 0.129167 0.403241 0.0104167 0.025
0 0.292969 0.418519 0.0109375 0.0259259
0 0.432552 0.0212963 0.0109375 0.0259259
0 0.159635 0.858796 0.0109375 0.025
0 0.822656 0.671759 0.0109375 0.025
0 0.236198 0.894444 0.0109375 0.0259259
0 0.0841146 0.410185 0.0109375 0.0259259
0 0.0427083 0.259722 0.0104167 0.025
0 0.339583 0.791667 0.0104167 0.0240741
0 0.86849 0.385648 0.0109375 0.025
0 0.373698 0.223148 0.00989583 0.0240741
0 0.477083 0.396759 0.0104167 0.025
0 0.567187 0.112963 0.0104167 0.0240741
