0 0.886198 0.295833 0.0109375 0.025
0 0.440625 0.787963 0.0104167 0.0259259
0 0.808594 0.180556 0.0109375 0.0259259
0 0.253125 0.341204 0.0104167 0.025
0 0.590104 0.185185 0.0104167 0.0259259
0 0.863542 0.884259 0.0104167 0.0259259
0 0.552083 0.775463 0.0104167 0.025
0 0.375 0.318981 0.0104167 0.025
0 0.88099 0.0662037 0.0109375 0.025
0 0.855208 0.376389 0.0104167 0.025
0 0.901042 0.817593 0.0104167 0.0240741
0 0.382292 0.204167 0.0104167 0.025
0 0.136198 0.472222 0.0109375 0.0259259
0 0.0617188 0.0287037 0.0109375 0.0259259
0 0.640365 0.392593 0.0109375 0.0259259
0 0.552083 0.894907 0.0104167 0.025
0 0.234896 0.106944 0.0104167 0.025
0 0.447396 0.833796 0.0104167 0.025
0 0.891406 0.435185 0.0109375 0.0259259
0 0.471094 0.153704 0.0109375 0.0259259
0 0.185156 0.19537 0.0109375 0.0259259
0 0.447656 0.378704 0.0109375 0.0259259
0 0.560156 0.577315 0.0109375 0.025
0 0.861458 0.820833 0.0104167 0.025
0 0.410677 0.239815 0.0109375 0.0259259
0 0.429427 0.61713 0.0109375 0.0268519
0 0.488802 0.0263889 0.0109375 0.025
0 0.739323 0.390741 0.0109375 0.0259259
0 0.0289063 0.106944 0.0109375 0.025
0 0.663021 0.391667 0.0104167 0.0240741
0 0.829427 0.180093 0.0109375 0.025
0 0.113281 0.156481 0.0109375 0.0259259
0 0.472917 0.220833 0.0104167 0.025
0 0.902865 0.489815 0.0109375 0.0259259
0 0.427344 0.431019 0.0109375 0.0268519
0 0.428385 0.536111 0.0109375 0.0259259
0 0.0726563 0.347222 0.0109375 0.0259259
0 0.203385 0.32963 0.0109375 0.0259259
0 0.851823 0.533333 0.0109375 0.0259259
0 0.564323 0.616667 0.0109375 0.0259259
0 0.125781 0.0157407 0.0109375 0.0259259
