0 0.733594 0.884259 0.0109375 0.0259259
0 0.671354 0.518519 0.0104167 0.0240741
0 0.448438 0.970833 0.0114583 0.0268519
0 0.0239583 0.012037 0.0104167 0.0240741
0 0.0971354 0.585185 0.0109375 0.0259259
0 0.674479 0.448611 0.0104167 0.025
0 0.65651 0.613426 0.0109375 0.0268519
0 0.0184896 0.686111 0.0109375 0.0259259
0 0.0817708 0.346296 0.0104167 0.0259259
0 0.878385 0.309722 0.0109375 0.0268519
0 0.867448 0.378704 0.0109375 0.0259259
0 0.59974 0.562963 0.0109375 0.0259259
0 0.0234375 0.822685 0.0104167 0.025
0 0.0518229 0.768519 0.0109375 0.0259259
0 0.667969 0.37963 0.0109375 0.0259259
0 0.824219 0.382407 0.0109375 0.0259259
0 0.736458 0.49213 0.0114583 0.0268519
0 0.205208 0.234722 0.0104167 0.025
