0 0.47474 0.588426 0.0109375 0.025
0 0.111198 0.277778 0.0109375 0.0259259
0 0.0229167 0.416667 0.0104167 0.0259259
0 0.789323 0.889815 0.00989583 0.0240741
0 0.171615 0.938889 0.0109375 0.0259259
0 0.451823 0.190741 0.0109375 0.0259259
0 0.783333 0.845833 0.0104167 0.025
0 0.140885 0.937037 0.00989583 0.0240741
0 0.511719 0.611111 0.0109375 0.0259259
0 0.519531 0.743981 0.0109375 0.025
0 0.479948 0.377315 0.0109375 0.025
0 0.511979 0.696759 0.0104167 0.025
0 0.466927 0.333333 0.0109375 0.0259259
0 0.0570313 0.945833 0.0109375 0.025
