0 0.83776 0.188889 0.0109375 0.0259259
0 0.540885 0.543981 0.0109375 0.025
0 0.80651 0.19537 0.00989583 0.0240741
0 0.926823 0.476852 0.0109375 0.0259259
0 0.14375 0.303704 0.0104167 0.0240741
0 0.0565104 0.697222 0.0109375 0.0259259
0 0.891927 0.0532407 0.0109375 0.025
0 0.753646 0.318056 0.0104167 0.025
0 0.728646 0.138889 0.0104167 0.0259259
0 0.450521 0.768056 0.0114583 0.0268519
0 0.623958 0.0773148 0.0104167 0.025
0 0.385156 0.728241 0.0109375 0.0268519
0 0.963802 0.275926 0.0109375 0.0259259
0 0.884115 0.869444 0.0109375 0.0259259
0 0.911198 0.24537 0.0109375 0.0259259
0 0.503646 0.246759 0.0104167 0.025
0 0.0122396 0.270833 0.0109375 0.025
0 0.683333 0.112963 0.0104167 0.0259259
0 0.158594 0.34537 0.0109375 0.0259259
0 0.857552 0.513889 0.0109375 0.0259259
0 0.960677 0.913889 0.0109375 0.0259259
