0 0.00390625 0.796296 0.0078125 0.0240741
0 0.915885 0.610185 0.0109375 0.0259259
0 0.16224 0.14537 0.0109375 0.0259259
0 0.536719 0.0935185 0.0109375 0.0259259
0 0.0171875 0.876389 0.0104167 0.025
0 0.946875 0.640278 0.0104167 0.025
0 0.0385417 0.453704 0.0104167 0.0259259
0 0.646094 0.155556 0.0109375 0.0259259
0 0.186458 0.617593 0.0104167 0.0259259
0 0.326302 0.908796 0.0109375 0.025
0 0.132552 0.412037 0.0109375 0.0259259
0 0.288802 0.743519 0.0109375 0.0259259
0 0.242708 0.638426 0.0104167 0.025
0 0.340885 0.974074 0.0109375 0.0259259
0 0.963281 0.0259259 0.0109375 0.0259259
0 0.190885 0.259259 0.0109375 0.0259259
0 0.270052 0.660185 0.0109375 0.0259259
0 0.0427083 0.916204 0.0104167 0.025
0 0.123958 0.691667 0.0104167 0.0259259
0 0.12526 0.825 0.0109375 0.0259259
