0 0.857031 0.69213 0.0109375 0.0268519
0 0.123958 0.0791667 0.0104167 0.025
0 0.859635 0.295833 0.0109375 0.025
0 0.470573 0.12037 0.0109375 0.0259259
0 0.747135 0.671296 0.0109375 0.0259259
0 0.0927083 0.4875 0.0104167 0.025
0 0.149479 0.650926 0.0114583 0.0259259
0 0.629948 0.169444 0.00989583 0.0240741
0 0.98151 0.100926 0.0109375 0.0259259
0 0.820052 0.242593 0.0109375 0.0259259
0 0.439844 0.552315 0.0109375 0.0268519
0 0.155208 0.024537 0.0104167 0.025
0 0.117969 0.49537 0.0109375 0.0259259
0 0.0242187 0.613426 0.00989583 0.025
0 0.364062 0.087963 0.0104167 0.0259259
0 0.357031 0.156944 0.0109375 0.025
0 0.698438 0.190278 0.0104167 0.025
