0 0.0132813 0.988889 0.0109375 0.0222222
0 0.176302 0.975 0.00989583 0.0240741
0 0.515365 0.785648 0.0109375 0.025
0 0.794531 0.575 0.0109375 0.0259259
0 0.0703125 0.384722 0.0104167 0.025
0 0.965104 0.876852 0.0104167 0.0240741
0 0.501042 0.211111 0.0104167 0.0259259
0 0.105729 0.658333 0.0104167 0.0240741
0 0.0309896 0.176852 0.0109375 0.0259259
0 0.915885 0.586111 0.0109375 0.0259259
0 0.198437 0.963426 0.0104167 0.025
0 0.911458 0.311111 0.0104167 0.0259259
0 0.81901 0.152778 0.0109375 0.0259259
0 0.597396 0.0393519 0.0104167 0.025
0 0.691667 0.772685 0.0104167 0.025
0 0.769271 0.68287 0.0104167 0.025
0 0.0692708 0.816204 0.0104167 0.025
0 0.166406 0.912963 0.0109375 0.0259259
0 0.850521 0.594907 0.0104167 0.025
0 0.00494792 0.460648 0.00989583 0.0231481
0 0.940625 0.890278 0.0104167 0.025
0 0.585417 0.756944 0.0104167 0.025
0 0.569531 0.0800926 0.0109375 0.025
0 0.0986979 0.960185 0.0109375 0.0259259
0 0.850521 0.206944 0.0104167 0.025
0 0.614844 0.335648 0.0109375 0.025
0 0.903125 0.827778 0.0104167 0.0240741
0 0.0536458 0.315278 0.0104167 0.025
0 0.0440104 0.234259 0.0109375 0.0259259
0 0.490104 0.355093 0.0104167 0.025
0 0.93776 0.294444 0.0109375 0.0259259
0 0.743229 0.025 0.0104167 0.0259259
0 0.0263021 0.524537 0.0109375 0.025
0 0.948177 0.368056 0.0109375 0.025
0 0.902083 0.9125 0.0104167 0.025
0 0.792188 0.977315 0.0104167 0.025
0 0.848437 0.479167 0.0104167 0.025
