0 0.0976562 0.0856481 0.0109375 0.0268519
0 0.211719 0.7 0.0109375 0.0259259
0 0.995313 0.316667 0.009375 0.0240741
0 0.641927 0.952315 0.0109375 0.025
0 0.39375 0.129167 0.0104167 0.025
0 0.217969 0.200463 0.0109375 0.025
0 0.790885 0.383333 0.0109375 0.0259259
0 0.0445312 0.470833 0.0109375 0.025
0 0.701563 0.217593 0.0104167 0.0240741
0 0.0291667 0.29537 0.0104167 0.0240741
0 0.71849 0.348611 0.0109375 0.025
0 0.766406 0.663426 0.0109375 0.0268519
0 0.434896 0.218056 0.0104167 0.025
0 0.80026 0.489815 0.0109375 0.0259259
0 0.0763021 0.273611 0.0109375 0.025
0 0.433073 0.112037 0.0109375 0.0259259
0 0.838281 0.539815 0.0109375 0.0259259
0 0.876823 0.683333 0.0109375 0.0259259
