0 0.565365 0.485185 0.0109375 0.0259259
0 0.994792 0.20787 0.0104167 0.025
0 0.722396 0.593518 0.0104167 0.0259259
0 0.58125 0.911574 0.0104167 0.025
0 0.90599 0.775 0.0109375 0.0259259
0 0.221615 0.843518 0.0109375 0.0259259
0 0.71224 0.275926 0.0109375 0.0259259
0 0.811198 0.397685 0.00989583 0.025
0 0.669792 0.353704 0.0104167 0.0259259
0 0.561198 0.200926 0.0109375 0.0259259
0 0.470052 0.767593 0.0109375 0.0259259
0 0.542188 0.0694444 0.0104167 0.0240741
0 0.957812 0.396296 0.0104167 0.0240741
0 0.51901 0.272222 0.0109375 0.0259259
0 0.607552 0.434259 0.0109375 0.0259259
0 0.599219 0.762963 0.0109375 0.0259259
0 0.301562 0.873611 0.0104167 0.025
0 0.795833 0.956944 0.0104167 0.025
0 0.685677 0.676389 0.0109375 0.025
0 0.0239583 0.768981 0.0104167 0.025
0 0.952083 0.530556 0.0104167 0.0240741
0 0.384115 0.106019 0.0109375 0.025
0 0.804948 0.729167 0.0109375 0.025
0 0.613802 0.580093 0.0109375 0.025
0 0.730469 0.172222 0.0109375 0.0259259
0 0.449219 0.434722 0.0109375 0.025
0 0.459635 0.865278 0.0109375 0.025
0 0.704427 0.350926 0.0109375 0.0259259
0 0.65026 0.705556 0.0109375 0.0259259
0 0.797135 0.800926 0.0109375 0.0259259
0 0.51901 0.392593 0.0109375 0.0259259
0 0.536198 0.1125 0.0109375 0.025
0 0.691927 0.175463 0.0109375 0.025
0 0.442969 0.50787 0.0109375 0.0268519
0 0.639323 0.491667 0.0109375 0.0259259
0 0.50026 0.484259 0.00989583 0.0240741
0 0.591406 0.839815 0.0109375 0.0259259
0 0.680469 0.265741 0.0109375 0.0259259
