0 0.00364583 0.837037 0.00729167 0.0277778
0 0.995833 0.423148 0.00833333 0.0259259
0 0.13125 0.21713 0.0104167 0.025
0 0.059375 0.654167 0.0104167 0.025
0 0.461198 0.855556 0.0109375 0.0259259
0 0.966146 0.955093 0.0104167 0.025
0 0.942448 0.807407 0.0109375 0.0259259
0 0.76276 0.559259 0.0109375 0.0259259
0 0.235938 0.893981 0.0104167 0.025
0 0.770052 0.493056 0.0109375 0.025
0 0.72474 0.917593 0.0109375 0.0259259
0 0.569531 0.426389 0.0109375 0.025
0 0.310937 0.925926 0.0104167 0.0259259
0 0.934115 0.910185 0.0109375 0.0259259
0 0.859635 0.312963 0.0109375 0.0259259
0 0.249479 0.645833 0.0104167 0.025
0 0.635156 0.126852 0.0109375 0.0259259
0 0.392969 0.958333 0.0109375 0.0259259
0 0.730729 0.851389 0.0104167 0.025
0 0.783073 0.356481 0.0109375 0.0259259
0 0.107292 0.834722 0.0104167 0.025
0 0.703385 0.109722 0.0109375 0.025
0 0.77526 0.444444 0.0109375 0.0259259
0 0.476302 0.914352 0.0109375 0.025
0 0.815365 0.57963 0.0109375 0.0259259
0 0.0486979 0.808333 0.0109375 0.0259259
0 0.716406 0.98287 0.0109375 0.0268519
0 0.792448 0.287963 0.0109375 0.0259259
0 0.955469 0.733333 0.0109375 0.0259259
0 0.751302 0.225926 0.0109375 0.0259259
0 0.0804688 0.732407 0.0109375 0.0259259
