0 0.997396 0.909722 0.00416667 0.0342593
0 0.257552 0.0490741 0.0109375 0.0259259
0 0.978646 0.125 0.0104167 0.0259259
0 0.241667 0.343981 0.0104167 0.025
0 0.359375 0.673611 0.0104167 0.025
0 0.319271 0.246759 0.0104167 0.025
0 0.234635 0.268056 0.0109375 0.0268519
0 0.259375 0.540741 0.0104167 0.0240741
0 0.313542 0.18287 0.0114583 0.0268519
0 0.551562 0.851389 0.0104167 0.025
0 0.385156 0.931481 0.0109375 0.0259259
0 0.250781 0.393519 0.0109375 0.0259259
0 0.22474 0.162963 0.0109375 0.0259259
0 0.266146 0.603704 0.0104167 0.0240741
0 0.464844 0.902778 0.0109375 0.0259259
