0 0.452865 0.0462963 0.0109375 0.0259259
0 0.226823 0.206944 0.00989583 0.025
0 0.836719 0.0851852 0.0109375 0.0259259
0 0.0924479 0.843518 0.0109375 0.0259259
0 0.270573 0.276852 0.0109375 0.0259259
0 0.80599 0.839815 0.0109375 0.0259259
0 0.165625 0.241667 0.0104167 0.0259259
0 0.215885 0.76713 0.0109375 0.025
0 0.93776 0.309259 0.0109375 0.0259259
0 0.307552 0.834259 0.0109375 0.0259259
0 0.841146 0.343519 0.0104167 0.0240741
0 0.53099 0.736111 0.0109375 0.0259259
0 0.45026 0.687963 0.0109375 0.0259259
0 0.244531 0.0574074 0.0109375 0.0259259
0 0.713802 0.925 0.0109375 0.0259259
0 0.333073 0.77963 0.0109375 0.0259259
0 0.84349 0.291204 0.0109375 0.025
0 0.122396 0.213426 0.0104167 0.025
0 0.517969 0.634259 0.0109375 0.0259259
0 0.371094 0.731481 0.0109375 0.0277778
0 0.695573 0.45787 0.0109375 0.025
0 0.330729 0.075463 0.0104167 0.025
0 0.527865 0.798611 0.0109375 0.0268519
0 0.0796875 0.901389 0.0104167 0.025
