0 0.125521 0.988426 0.0104167 0.0231481
0 0.00494792 0.825463 0.00885417 0.025
0 0.8375 0.50787 0.0104167 0.025
0 0.977865 0.823148 0.0109375 0.0259259
0 0.982552 0.062037 0.0109375 0.0259259
0 0.982031 0.488426 0.0109375 0.025
0 0.86875 0.247222 0.0104167 0.0240741
0 0.0989583 0.0513889 0.0104167 0.025
0 0.956771 0.500926 0.0104167 0.0259259
0 0.133073 0.166667 0.0109375 0.0259259
0 0.034375 0.226852 0.0104167 0.0259259
0 0.784896 0.374074 0.0104167 0.0259259
0 0.945833 0.836574 0.0104167 0.025
0 0.391927 0.784259 0.0109375 0.0259259
0 0.482552 0.666667 0.0109375 0.0259259
0 0.221615 0.451852 0.0109375 0.0259259
0 0.432552 0.303704 0.0109375 0.0259259
0 0.864323 0.842593 0.0109375 0.0259259
0 0.176823 0.0212963 0.0109375 0.0259259
0 0.34349 0.315741 0.00989583 0.0240741
0 0.830469 0.581481 0.0109375 0.0259259
0 0.0575521 0.553704 0.0109375 0.0259259
0 0.698177 0.613889 0.0109375 0.0259259
0 0.963021 0.326389 0.0104167 0.025
0 0.192188 0.353241 0.0104167 0.025
0 0.305469 0.38287 0.0109375 0.025
0 0.320312 0.467593 0.0104167 0.0259259
0 0.280208 0.474537 0.0104167 0.025
0 0.248698 0.0518519 0.0109375 0.0259259
0 0.51849 0.657407 0.0109375 0.0259259
0 0.60026 0.394444 0.0109375 0.0259259
0 0.0145833 0.572685 0.0104167 0.025
0 0.667448 0.147222 0.0109375 0.0259259
0 0.703906 0.325926 0.0109375 0.0259259
0 0.597917 0.634722 0.0104167 0.025
0 0.373177 0.691667 0.0109375 0.0259259
0 0.128385 0.861111 0.0109375 0.0259259
0 0.195573 0.109259 0.0109375 0.0259259
0 0.326823 0.729167 0.0109375 0.025
0 0.391927 0.392593 0.0109375 0.0259259
0 0.427344 0.447222 0.0109375 0.0259259
