0 0.739844 0.256019 0.0109375 0.0268519
0 0.477604 0.452778 0.0104167 0.0259259
0 0.411198 0.969907 0.0109375 0.025
0 0.446354 0.642593 0.0104167 0.0259259
0 0.769531 0.0759259 0.0109375 0.0259259
0 0.78724 0.149537 0.0109375 0.025
0 0.65599 0.659722 0.0109375 0.025
0 0.370052 0.64213 0.0109375 0.0268519
0 0.405469 0.785185 0.0109375 0.0259259
0 0.84349 0.324074 0.0109375 0.0259259
0 0.594531 0.899074 0.0109375 0.0259259
0 0.500781 0.0277778 0.0109375 0.0259259
0 0.695052 0.486111 0.0109375 0.0259259
0 0.761198 0.129167 0.0109375 0.025
0 0.413542 0.733333 0.0104167 0.0259259
0 0.95651 0.101852 0.0109375 0.0259259
0 0.609115 0.809722 0.0109375 0.025
0 0.315365 0.55463 0.0109375 0.0259259
0 0.12474 0.537037 0.0109375 0.0259259
0 0.491667 0.106944 0.0114583 0.0268519
