0 0.951563 0.666204 0.0114583 0.0268519
0 0.596875 0.9875 0.0104167 0.025
0 0.194271 0.782407 0.0104167 0.0240741
0 0.775 0.929167 0.0104167 0.025
0 0.0453125 0.893981 0.0104167 0.025
0 0.115365 0.666667 0.0109375 0.0259259
0 0.803906 0.948148 0.0109375 0.0259259
0 0.533594 0.825926 0.0109375 0.0259259
0 0.720052 0.931481 0.0109375 0.0259259
0 0.528385 0.604167 0.0109375 0.025
0 0.0804688 0.881944 0.0109375 0.025
0 0.396354 0.53287 0.0104167 0.025
0 0.021875 0.718518 0.0104167 0.0259259
0 0.0794271 0.684722 0.00989583 0.025
0 0.45599 0.433796 0.0109375 0.025
0 0.363281 0.702778 0.0109375 0.0259259
0 0.81276 0.660185 0.0109375 0.0259259
0 0.74349 0.973611 0.0109375 0.0268519
0 0.413802 0.696296 0.0109375 0.0259259
0 0.390885 0.306944 0.0109375 0.025
0 0.230469 0.612037 0.0109375 0.0259259
0 0.670313 0.745833 0.0104167 0.025
