0 0.542448 0.987963 0.0109375 0.0240741
0 0.625521 0.897222 0.0125 0.0296296
0 0.588281 0.631944 0.0109375 0.025
0 0.642187 0.858333 0.0104167 0.0240741
0 0.983073 0.916204 0.00989583 0.025
0 0.617708 0.274074 0.0104167 0.0259259
0 0.382031 0.685185 0.0109375 0.0259259
0 0.223698 0.265741 0.0109375 0.0259259
0 0.290365 0.449074 0.0109375 0.0259259
0 0.870313 0.984259 0.0104167 0.0240741
0 0.165104 0.38287 0.0104167 0.025
0 0.363281 0.648148 0.0109375 0.0259259
0 0.261458 0.374537 0.0104167 0.025
0 0.623698 0.763426 0.0109375 0.025
0 0.373698 0.549074 0.0109375 0.0259259
0 0.0875 0.465278 0.0104167 0.025
0 0.45026 0.867593 0.0109375 0.0259259
0 0.226042 0.319444 0.0104167 0.0259259
0 0.0828125 0.214352 0.0104167 0.025
0 0.990365 0.95463 0.0109375 0.0259259
0 0.121615 0.326852 0.0109375 0.0259259
0 0.140885 0.0194444 0.0109375 0.0259259
0 0.125521 0.394907 0.0104167 0.025
0 0.0739583 0.0930556 0.0104167 0.025
