0 0.935417 0.988889 0.0104167 0.0222222
0 0.991146 0.796296 0.0104167 0.0259259
0 0.835938 0.563889 0.0104167 0.0259259
0 0.969792 0.784259 0.0104167 0.0240741
0 0.0736979 0.899074 0.0109375 0.0259259
0 0.483073 0.702778 0.00989583 0.0240741
0 0.0161458 0.495833 0.0104167 0.025
0 0.660156 0.801852 0.0109375 0.0259259
0 0.203385 0.955556 0.0109375 0.0259259
0 0.848177 0.970833 0.0109375 0.025
0 0.973958 0.323611 0.0104167 0.025
0 0.167448 0.679167 0.0109375 0.0268519
0 0.246615 0.97963 0.0109375 0.0259259
