0 0.176563 0.012037 0.0104167 0.0240741
0 0.847396 0.941204 0.0114583 0.0268519
0 0.109375 0.281481 0.0104167 0.0240741
0 0.896094 0.396296 0.0109375 0.0259259
0 0.3375 0.276389 0.0104167 0.025
0 0.084375 0.429167 0.0104167 0.025
0 0.0151042 0.12037 0.0104167 0.0240741
0 0.500521 0.199074 0.0104167 0.0240741
0 0.0786458 0.468056 0.0104167 0.025
0 0.0161458 0.839352 0.0104167 0.025
0 0.161719 0.320833 0.0109375 0.025
0 0.758594 0.344444 0.0109375 0.0259259
0 0.95599 0.72963 0.0109375 0.0259259
0 0.907031 0.937037 0.0109375 0.0259259
0 0.0565104 0.582407 0.0109375 0.0259259
0 0.410677 0.127778 0.0109375 0.0259259
0 0.360156 0.240278 0.0109375 0.025
0 0.0294271 0.739352 0.0109375 0.025
0 0.0710938 0.509259 0.0109375 0.0259259
0 0.586719 0.0805556 0.0109375 0.0259259
0 0.309635 0.509722 0.0109375 0.025
0 0.0872396 0.311111 0.0109375 0.0259259
0 0.0158854 0.560185 0.0109375 0.0259259
0 0.983594 0.613426 0.0109375 0.0268519
0 0.920833 0.456944 0.0104167 0.025
0 0.810417 0.648611 0.0104167 0.025
0 0.116406 0.240741 0.0109375 0.0259259
0 0.326302 0.725463 0.0109375 0.0268519
0 0.703385 0.262963 0.0109375 0.0259259
0 0.71849 0.405093 0.0109375 0.025
0 0.378385 0.869444 0.0109375 0.0259259
0 0.660937 0.555556 0.0104167 0.0240741
0 0.689323 0.450926 0.0109375 0.0259259
0 0.446615 0.0791667 0.0109375 0.025
0 0.454167 0.216204 0.0104167 0.025
0 0.666927 0.637037 0.0109375 0.0259259
