0 0.00260417 0.231019 0.00520833 0.025
0 0.945312 0.730093 0.0104167 0.025
0 0.49401 0.575926 0.0109375 0.0259259
0 0.167187 0.985648 0.0104167 0.025
0 0.982552 0.898611 0.0109375 0.025
0 0.0171875 0.421759 0.0104167 0.025
0 0.311719 0.0333333 0.0109375 0.0259259
0 0.52526 0.121296 0.0109375 0.0259259
0 0.688021 0.599537 0.0104167 0.025
0 0.696094 0.453704 0.0109375 0.0259259
0 0.845573 0.493519 0.0109375 0.0259259
0 0.0148437 0.696296 0.0109375 0.0259259
0 0.933854 0.269907 0.0104167 0.025
0 0.21901 0.212037 0.0109375 0.0259259
0 0.924479 0.153241 0.0104167 0.025
0 0.0591146 0.7 0.0109375 0.0259259
0 0.0567708 0.924537 0.0104167 0.025
0 0.255469 0.350463 0.0109375 0.025
0 0.808073 0.618519 0.0109375 0.0259259
0 0.530469 0.208796 0.0109375 0.025
0 0.477344 0.723148 0.0109375 0.0259259
0 0.785156 0.267593 0.0109375 0.0259259
0 0.483594 0.667593 0.0109375 0.0259259
0 0.895573 0.728704 0.0109375 0.0259259
0 0.525 0.245833 0.0104167 0.025
0 0.803385 0.971296 0.0109375 0.0259259
0 0.88724 0.804167 0.0109375 0.0268519
0 0.132292 0.0587963 0.0104167 0.025
0 0.0125 0.902315 0.0104167 0.025
0 0.722396 0.412963 0.0104167 0.0240741
0 0.519531 0.545833 0.0109375 0.025
0 0.420573 0.350926 0.0109375 0.0259259
0 0.921615 0.214815 0.0109375 0.0259259
0 0.36276 0.584722 0.0109375 0.025
0 0.92474 0.503704 0.0109375 0.0259259
0 0.136198 0.215741 0.0109375 0.0259259
0 0.0252604 0.0583333 0.0109375 0.0259259
0 0.313802 0.930556 0.0109375 0.0259259
0 0.915365 0.353704 0.0109375 0.0259259
0 0.153646 0.311574 0.0104167 0.025
0 0.0924479 0.325 0.0109375 0.0259259
0 0.329948 0.579167 0.0109375 0.025
0 0.635677 0.590741 0.0109375 0.0259259
