0 0.552344 0.9625 0.00989583 0.025
0 0.358073 0.430556 0.0109375 0.0259259
0 0.933854 0.024537 0.0104167 0.025
0 0.109115 0.499074 0.0109375 0.0259259
0 0.557292 0.920833 0.0104167 0.025
0 0.59401 0.107407 0.0109375 0.0259259
0 0.988802 0.249074 0.0109375 0.0259259
0 0.898698 0.159722 0.0109375 0.025
0 0.56224 0.875 0.0109375 0.0259259
0 0.566406 0.489815 0.0109375 0.0259259
0 0.710417 0.480093 0.0104167 0.025
0 0.572656 0.778704 0.00989583 0.0240741
0 0.66276 0.0796296 0.0109375 0.0259259
0 0.653385 0.485185 0.0109375 0.0259259
