0 0.688281 0.75463 0.0109375 0.0259259
0 0.334115 0.111111 0.0109375 0.0259259
0 0.876042 0.340278 0.0104167 0.025
0 0.0888021 0.987037 0.0109375 0.0259259
0 0.821615 0.606944 0.0109375 0.025
0 0.706771 0.365741 0.0104167 0.0240741
0 0.802083 0.964815 0.0104167 0.0240741
0 0.653385 0.484722 0.0109375 0.025
0 0.899219 0.175 0.0109375 0.0259259
0 0.59974 0.164352 0.0109375 0.025
0 0.116146 0.766204 0.0104167 0.025
0 0.946615 0.75 0.0109375 0.0259259
0 0.0388021 0.54213 0.00989583 0.025
0 0.89375 0.6375 0.0104167 0.025
0 0.466927 0.845833 0.0109375 0.025
0 0.383073 0.648148 0.00989583 0.0240741
0 0.630469 0.623148 0.0109375 0.0259259
0 0.0864583 0.633333 0.0104167 0.0259259
0 0.622396 0.298611 0.0104167 0.025
0 0.897656 0.76713 0.00989583 0.025
0 0.503125 0.0925926 0.0104167 0.0240741
0 0.520052 0.833796 0.0109375 0.025
0 0.0148437 0.62037 0.0109375 0.0259259
0 0.592969 0.875926 0.0109375 0.0259259
0 0.682813 0.643056 0.0104167 0.025
0 0.652083 0.679167 0.0104167 0.025
0 0.132812 0.61713 0.0104167 0.025
0 0.546615 0.951389 0.0109375 0.025
0 0.729688 0.645833 0.0104167 0.025
0 0.13724 0.959259 0.0109375 0.0259259
0 0.13125 0.691204 0.0104167 0.025
0 0.0955729 0.713889 0.00989583 0.0240741
0 0.858854 0.454167 0.0104167 0.025
0 0.47474 0.184259 0.0109375 0.0259259
0 0.18724 0.914352 0.0109375 0.025
0 0.815885 0.865741 0.0109375 0.0259259
0 0.335677 0.656482 0.0109375 0.0259259
0 0.546875 0.522685 0.0104167 0.025
0 0.343229 0.583796 0.0104167 0.025
0 0.752083 0.531018 0.0104167 0.025
0 0.41875 0.637963 0.0104167 0.0259259
0 0.629687 0.481019 0.0104167 0.025
0 0.260417 0.963426 0.0104167 0.025
0 0.660937 0.547685 0.0104167 0.025
0 0.314323 0.62037 0.0109375 0.0259259
0 0.332552 0.95463 0.0109375 0.0259259
0 0.78099 0.384722 0.0109375 0.025
0 0.345052 0.887037 0.0109375 0.0259259
0 0.440885 0.84537 0.0109375 0.0259259
0 0.22474 0.644444 0.0109375 0.0259259
