0 0.320052 0.433333 0.0109375 0.0259259
0 0.0260417 0.284259 0.0104167 0.0240741
0 0.59375 0.152315 0.0104167 0.025
0 0.983594 0.666204 0.0109375 0.025
0 0.969531 0.0712963 0.0109375 0.0259259
0 0.958073 0.42037 0.0109375 0.0259259
0 0.474219 0.174074 0.0109375 0.0259259
0 0.944531 0.672222 0.0109375 0.0259259
0 0.0289063 0.024537 0.0109375 0.025
0 0.173438 0.65 0.0104167 0.0259259
0 0.48151 0.275 0.0109375 0.0240741
0 0.80625 0.233796 0.0104167 0.025
0 0.0835937 0.0462963 0.0109375 0.0259259
0 0.685677 0.177778 0.0109375 0.0259259
0 0.61849 0.10463 0.0109375 0.0259259
0 0.977865 0.489815 0.0109375 0.0259259
0 0.590885 0.549074 0.0109375 0.0259259
0 0.604167 0.22037 0.0104167 0.0259259
0 0.77474 0.0148148 0.0109375 0.0259259
