0 0.914844 0.35 0.0109375 0.0277778
0 0.00260417 0.663426 0.00520833 0.025
0 0.201823 0.9875 0.0109375 0.025
0 0.974479 0.0851852 0.0104167 0.0259259
0 0.982292 0.196759 0.0104167 0.025
0 0.821094 0.562037 0.0109375 0.0259259
0 0.995052 0.711574 0.00989583 0.025
0 0.995313 0.596759 0.009375 0.025
0 0.295833 0.232407 0.0104167 0.0240741
0 0.75651 0.30787 0.0109375 0.025
0 0.0122396 0.551852 0.0109375 0.0259259
0 0.876302 0.487963 0.0109375 0.0259259
0 0.0492188 0.0199074 0.0109375 0.025
0 0.952344 0.075463 0.0109375 0.025
0 0.825781 0.352315 0.0109375 0.025
0 0.783594 0.616204 0.0109375 0.025
0 0.586198 0.0773148 0.0109375 0.025
0 0.791667 0.716667 0.0114583 0.0259259
0 0.284635 0.273148 0.00989583 0.0240741
0 0.96224 0.133333 0.00989583 0.0240741
0 0.391146 0.665741 0.0104167 0.0240741
0 0.789323 0.385648 0.0109375 0.025
0 0.954948 0.456481 0.0109375 0.0259259
0 0.758073 0.678704 0.0109375 0.0259259
0 0.647917 0.602778 0.0104167 0.0240741
0 0.621615 0.943981 0.0109375 0.025
0 0.649219 0.926389 0.0109375 0.0268519
0 0.940104 0.127315 0.0104167 0.025
0 0.364583 0.538426 0.0104167 0.025
0 0.871354 0.311574 0.0104167 0.025
0 0.748438 0.448148 0.0104167 0.0259259
0 0.480208 0.861574 0.0104167 0.025
0 0.894531 0.241667 0.0109375 0.0259259
0 0.676302 0.8125 0.0109375 0.025
0 0.253385 0.560185 0.0109375 0.0259259
0 0.0372396 0.584259 0.0109375 0.0259259
0 0.433854 0.770833 0.0104167 0.025
0 0.726823 0.0134259 0.0109375 0.025
0 0.689062 0.893056 0.0104167 0.025
0 0.311458 0.10463 0.0104167 0.0259259
0 0.950781 0.628704 0.0109375 0.0259259
0 0.135156 0.0787037 0.0109375 0.0259259
0 0.627865 0.201852 0.0109375 0.0259259
0 0.127604 0.134259 0.0104167 0.0259259
