0 0.14974 0.575926 0.0109375 0.0259259
0 0.517708 0.654167 0.0104167 0.025
0 0.190625 0.245833 0.0104167 0.025
0 0.926042 0.931944 0.0104167 0.025
0 0.0377604 0.398148 0.0109375 0.0259259
0 0.328125 0.143981 0.0104167 0.025
0 0.464844 0.949074 0.0109375 0.0259259
0 0.474219 0.427778 0.0109375 0.0259259
0 0.189323 0.199074 0.0109375 0.0259259
0 0.0601562 0.200926 0.0109375 0.0259259
0 0.532552 0.361111 0.0109375 0.0259259
0 0.0869792 0.514815 0.0104167 0.0259259
0 0.56276 0.701389 0.0109375 0.025
0 0.857813 0.891204 0.0104167 0.025
0 0.723437 0.864352 0.0104167 0.025
0 0.66875 0.0560185 0.0104167 0.025
0 0.507031 0.438426 0.0109375 0.025
0 0.30599 0.536111 0.0109375 0.0259259
0 0.953385 0.948611 0.0109375 0.025
0 0.800521 0.373611 0.0104167 0.025
0 0.728646 0.798611 0.0104167 0.025
0 0.417969 0.556481 0.0109375 0.0259259
0 0.585938 0.237037 0.0104167 0.0259259
0 0.754948 0.771296 0.0109375 0.0259259
0 0.0252604 0.492593 0.0109375 0.0259259
0 0.66224 0.771296 0.0109375 0.0259259
0 0.429948 0.613889 0.0109375 0.0259259
