0 0.145573 0.670833 0.0109375 0.0268519
0 0.0322917 0.141204 0.0104167 0.025
0 0.177344 0.699074 0.0109375 0.0259259
0 0.205208 0.428241 0.0104167 0.025
0 0.41875 0.75 0.0104167 0.0240741
0 0.820833 0.387963 0.0104167 0.0240741
0 0.707031 0.816204 0.0109375 0.025
0 0.196354 0.387037 0.0104167 0.0240741
0 0.448438 0.649074 0.0104167 0.0259259
0 0.539062 0.784259 0.0104167 0.0240741
0 0.321875 0.210185 0.0104167 0.0259259
0 0.311198 0.840741 0.0109375 0.0259259
0 0.0684896 0.143981 0.0109375 0.025
0 0.216406 0.225926 0.0109375 0.0259259
0 0.658594 0.953704 0.0109375 0.0259259
0 0.821615 0.864815 0.0109375 0.0259259
0 0.0575521 0.976852 0.0109375 0.0259259
0 0.905469 0.0402778 0.0109375 0.025
0 0.918229 0.143981 0.0104167 0.025
0 0.701302 0.45 0.0109375 0.0259259
0 0.0804688 0.862963 0.0109375 0.0259259
0 0.467187 0.726389 0.0104167 0.025
0 0.141667 0.893519 0.0104167 0.0259259
