0 0.997656 0.665278 0.0046875 0.025
0 0.641406 0.836574 0.0109375 0.0268519
0 0.441146 0.699537 0.0104167 0.025
0 0.215365 0.230556 0.0109375 0.0259259
0 0.00442708 0.123611 0.00885417 0.025
0 0.847917 0.529167 0.0104167 0.025
0 0.830469 0.643056 0.0109375 0.025
0 0.251563 0.578704 0.0114583 0.0259259
0 0.332812 0.427778 0.0104167 0.0240741
0 0.180469 0.673148 0.0109375 0.0259259
0 0.236719 0.275 0.0109375 0.0259259
0 0.194531 0.721296 0.0109375 0.0259259
0 0.179427 0.118519 0.00989583 0.0240741
0 0.10599 0.617593 0.0109375 0.0259259
0 0.660677 0.0888889 0.00989583 0.0240741
0 0.0638021 0.224537 0.0109375 0.025
0 0.225781 0.843518 0.0109375 0.0259259
0 0.0257812 0.203704 0.0109375 0.0259259
0 0.015625 0.0189815 0.0104167 0.025
0 0.183073 0.0472222 0.0109375 0.0259259
0 0.590365 0.92963 0.0109375 0.0259259
0 0.640365 0.512037 0.0109375 0.0259259
