0 0.141927 0.154167 0.0109375 0.025
0 0.767969 0.472685 0.0109375 0.025
0 0.219271 0.0560185 0.0104167 0.025
0 0.553906 0.83287 0.0109375 0.025
0 0.235156 0.261111 0.0109375 0.0259259
0 0.266667 0.0800926 0.0104167 0.025
0 0.27526 0.551852 0.0109375 0.0259259
0 0.244792 0.074537 0.0104167 0.025
0 0.474219 0.144444 0.0109375 0.0259259
0 0.357292 0.493056 0.0104167 0.025
0 0.317969 0.48287 0.0109375 0.025
0 0.132552 0.973148 0.0109375 0.0259259
0 0.664062 0.722685 0.0104167 0.025
0 0.8625 0.799074 0.0104167 0.0259259
0 0.609635 0.701389 0.0109375 0.025
0 0.0382813 0.77963 0.0109375 0.0259259
0 0.564323 0.087963 0.0109375 0.0259259
0 0.33724 0.150926 0.0109375 0.0259259
0 0.90599 0.656482 0.0109375 0.0259259
0 0.948698 0.670833 0.0109375 0.025
0 0.61849 0.211574 0.0109375 0.025
0 0.321615 0.586111 0.0109375 0.0259259
0 0.389583 0.504167 0.0104167 0.025
0 0.805208 0.625926 0.0104167 0.0240741
0 0.879427 0.402778 0.0109375 0.0259259
0 0.870052 0.484259 0.0109375 0.0259259
0 0.530469 0.205556 0.0109375 0.0259259
0 0.739323 0.0226852 0.0109375 0.025
0 0.623698 0.59537 0.0109375 0.0259259
0 0.797656 0.382407 0.0109375 0.0259259
0 0.479948 0.814815 0.0109375 0.0259259
0 0.3875 0.748611 0.0104167 0.025
0 0.510677 0.148148 0.0109375 0.0259259
0 0.564323 0.17963 0.0109375 0.0259259
