0 0.546615 0.92037 0.0109375 0.0259259
0 0.191146 0.974537 0.0104167 0.025
0 0.201042 0.876852 0.0104167 0.0259259
0 0.0304688 0.515741 0.0109375 0.0259259
0 0.908854 0.184722 0.0104167 0.025
0 0.614323 0.161111 0.0109375 0.0259259
0 0.799219 0.922685 0.0109375 0.025
0 0.973698 0.294444 0.0109375 0.0259259
0 0.0658854 0.661574 0.0109375 0.025
0 0.206771 0.395833 0.0104167 0.025
0 0.0846354 0.733333 0.0109375 0.0259259
0 0.147656 0.781482 0.0109375 0.0259259
0 0.223698 0.535185 0.0109375 0.0259259
0 0.330208 0.309722 0.0104167 0.025
0 0.177344 0.891667 0.0109375 0.0259259
