0 0.521615 0.454167 0.0109375 0.0268519
0 0.195573 0.260648 0.0119792 0.0287037
0 0.9875 0.490278 0.0104167 0.025
0 0.961458 0.476389 0.0104167 0.025
0 0.20651 0.863426 0.0109375 0.025
0 0.451562 0.323148 0.0104167 0.0259259
0 0.326042 0.0425926 0.0104167 0.0259259
0 0.652604 0.233796 0.0104167 0.025
0 0.0153646 0.845833 0.0109375 0.025
0 0.293229 0.690741 0.0104167 0.0259259
0 0.784635 0.35 0.0109375 0.0259259
0 0.383073 0.293056 0.0109375 0.025
0 0.433594 0.0925926 0.0109375 0.0259259
0 0.857552 0.386111 0.0109375 0.0259259
0 0.422135 0.608333 0.0109375 0.0259259
0 0.621875 0.233796 0.0104167 0.025
0 0.202083 0.94213 0.0104167 0.025
0 0.744271 0.227315 0.0104167 0.025
0 0.677865 0.249074 0.0109375 0.0259259
0 0.819531 0.761574 0.0109375 0.025
0 0.229167 0.627315 0.0104167 0.025
0 0.285156 0.751389 0.0109375 0.025
0 0.647656 0.833333 0.0109375 0.0259259
0 0.338802 0.556481 0.0109375 0.0259259
0 0.305729 0.575463 0.0104167 0.025
0 0.274219 0.649074 0.00989583 0.0240741
0 0.529427 0.758333 0.0109375 0.0259259
0 0.265365 0.905556 0.0109375 0.0259259
