0 0.996875 0.336111 0.00625 0.0259259
0 0.48151 0.619907 0.0109375 0.025
0 0.913021 0.153704 0.0104167 0.0259259
0 0.585417 0.385648 0.0104167 0.025
0 0.272396 0.716667 0.0104167 0.0240741
0 0.89401 0.193056 0.0109375 0.025
0 0.869792 0.152315 0.0104167 0.025
0 0.508073 0.885648 0.0109375 0.025
0 0.313281 0.23287 0.0109375 0.025
0 0.41224 0.294444 0.0109375 0.0259259
0 0.51849 0.1 0.0109375 0.0259259
0 0.828385 0.0291667 0.0109375 0.025
0 0.974479 0.025 0.0114583 0.0277778
0 0.29349 0.654167 0.0109375 0.025
0 0.701302 0.331481 0.0109375 0.0259259
0 0.666146 0.375926 0.0104167 0.0240741
0 0.978646 0.962037 0.0104167 0.0240741
0 0.320573 0.312963 0.0109375 0.0259259
0 0.560417 0.877315 0.0104167 0.025
0 0.10026 0.97037 0.0109375 0.0259259
0 0.376302 0.426852 0.0109375 0.0259259
0 0.757292 0.219907 0.0104167 0.025
0 0.190885 0.835648 0.0109375 0.025
0 0.105208 0.603241 0.0104167 0.025
0 0.252865 0.201389 0.0109375 0.0268519
0 0.485156 0.880093 0.0109375 0.0268519
0 0.678385 0.422685 0.0109375 0.025
0 0.567708 0.437037 0.0104167 0.0259259
0 0.241927 0.688889 0.0109375 0.0259259
0 0.522656 0.794444 0.0109375 0.0259259
0 0.37526 0.349074 0.0109375 0.0259259
0 0.0429688 0.767593 0.0109375 0.0259259
0 0.810677 0.0699074 0.0109375 0.025
0 0.280208 0.303704 0.0104167 0.0259259
0 0.504948 0.625926 0.0109375 0.0259259
0 0.945312 0.27963 0.0104167 0.0259259
0 0.167708 0.136111 0.0104167 0.0240741
0 0.355208 0.391204 0.0104167 0.025
0 0.688802 0.181944 0.0109375 0.025
0 0.586719 0.580556 0.0109375 0.0259259
0 0.873958 0.0574074 0.0104167 0.0259259
